-6.240857730386002541e+09
-6.162317914046257973e+09
-6.083778097706513405e+09
-6.005238281366767883e+09
-5.926698465027023315e+09
-5.848158648687277794e+09
-5.769618832347533226e+09
-5.691079016007788658e+09
-5.612539199668044090e+09
-5.533999383328298569e+09
-5.455459566988554001e+09
-5.376919750648809433e+09
-5.298379934309064865e+09
-5.219840117969319344e+09
-5.141300301629574776e+09
-5.062760485289830208e+09
-4.984220668950085640e+09
-4.905680852610340118e+09
-4.827141036270595551e+09
-4.748601219930850983e+09
-4.670061403591105461e+09
-4.591521587251360893e+09
-4.512981770911616325e+09
-4.434441954571871758e+09
-4.355902138232126236e+09
-4.277362321892381668e+09
-4.198822505552637100e+09
-4.120282689212892532e+09
-4.041742872873147011e+09
-3.963203056533402443e+09
-3.884663240193657875e+09
-3.806123423853913307e+09
-3.727583607514167786e+09
-3.649043791174423218e+09
-3.570503974834678650e+09
-3.491964158494933128e+09
-3.413424342155188560e+09
-3.334884525815443993e+09
-3.256344709475699425e+09
-3.177804893135953903e+09
-3.099265076796209335e+09
-3.020725260456464767e+09
-2.942185444116720200e+09
-2.863645627776974678e+09
-2.785105811437230110e+09
-2.706565995097485542e+09
-2.628026178757740974e+09
-2.549486362417995453e+09
-2.470946546078250885e+09
-2.392406729738506317e+09
-2.313866913398760796e+09
-2.235327097059016228e+09
-2.156787280719271660e+09
-2.078247464379527092e+09
-1.999707648039781570e+09
-1.921167831700037003e+09
-1.842628015360292435e+09
-1.764088199020547867e+09
-1.685548382680802822e+09
-1.607008566341057777e+09
-1.528468750001313210e+09
-1.449928933661568165e+09
-1.371389117321823597e+09
-1.292849300982078552e+09
-1.214309484642333984e+09
-1.135769668302588940e+09
-1.057229851962843895e+09
-9.786900356230993271e+08
-9.001502192833542824e+08
-8.216104029436097145e+08
-7.430705866038646698e+08
-6.645307702641201019e+08
-5.859909539243750572e+08
-5.074511375846304893e+08
-4.289113212448854446e+08
-3.503715049051408768e+08
-2.718316885653958321e+08
-1.932918722256512642e+08
-1.147520558859062195e+08
-3.621223954616165161e+07
4.232757679358339310e+07
1.208673931333284378e+08
1.994072094730730057e+08
2.779470258128180504e+08
3.564868421525626183e+08
4.350266584923074245e+08
5.135664748320522308e+08
5.921062911717970371e+08
6.706461075115418434e+08
7.491859238512868881e+08
8.277257401910316944e+08
9.062655565307765007e+08
9.848053728705213070e+08
1.063345189210266113e+09
1.141885005550010920e+09
1.220424821889755726e+09
1.298964638229500532e+09
1.377504454569245338e+09
1.456044270908990145e+09
1.534584087248734951e+09
1.613123903588479757e+09
1.691663719928224564e+09
1.770203536267969608e+09
1.848743352607714176e+09
1.927283168947459221e+09
2.005822985287203789e+09
2.084362801626948833e+09
2.162902617966693401e+09
2.241442434306438446e+09
2.319982250646183014e+09
2.398522066985928059e+09
2.477061883325672626e+09
2.555601699665417671e+09
2.634141516005162716e+09
2.712681332344907284e+09
2.791221148684652328e+09
2.869760965024396896e+09
2.948300781364141941e+09
3.026840597703886509e+09
3.105380414043631554e+09
3.183920230383376122e+09
3.262460046723121166e+09
3.340999863062865734e+09
3.419539679402610779e+09
3.498079495742355347e+09
3.576619312082100391e+09
3.655159128421845436e+09
3.733698944761590004e+09
3.812238761101334572e+09
3.890778577441079617e+09
3.969318393780824661e+09
4.047858210120569229e+09
4.126398026460313797e+09
4.204937842800058842e+09
4.283477659139803886e+09
4.362017475479548454e+09
4.440557291819293976e+09
4.519097108159038544e+09
4.597636924498783112e+09
4.676176740838527679e+09
4.754716557178272247e+09
4.833256373518016815e+09
4.911796189857762337e+09
4.990336006197506905e+09
5.068875822537252426e+09
5.147415638876996994e+09
5.225955455216741562e+09
5.304495271556486130e+09
5.383035087896230698e+09
5.461574904235976219e+09
5.540114720575720787e+09
5.618654536915466309e+09
5.697194353255210876e+09
5.775734169594955444e+09
5.854273985934700012e+09
5.932813802274444580e+09
6.011353618614189148e+09
6.089893434953934669e+09
6.168433251293679237e+09
6.246973067633424759e+09
