-9.235870666051031351e+08
-1.350111920035487175e+09
-1.667409463251973629e+09
-1.930121611236244678e+09
-2.158274205164579391e+09
-2.361903607198026180e+09
-2.546898653109292507e+09
-2.717068244123331070e+09
-2.875046074715254307e+09
-3.022744285371555805e+09
-3.161603879719252110e+09
-3.292743258176059723e+09
-3.417051394224354267e+09
-3.535248971681621075e+09
-3.647930008550046444e+09
-3.755591084940234184e+09
-3.858652412667385578e+09
-3.957473370824336052e+09
-4.052364188258783817e+09
-4.143594881534564972e+09
-4.231402198417832851e+09
-4.315995085929746628e+09
-4.397559049434449196e+09
-4.476259666200626373e+09
-4.552245445903034210e+09
-4.625650180756638527e+09
-4.696594892496218681e+09
-4.765189457745394707e+09
-4.831533974494309425e+09
-4.895719918426332474e+09
-4.957831127333658218e+09
-5.017944643889505386e+09
-5.076131440932045937e+09
-5.132457048685060501e+09
-5.186982099648475647e+09
-5.239762803987323761e+09
-5.290851365945100784e+09
-5.340296349969334602e+09
-5.388143003759932518e+09
-5.434433544256204605e+09
-5.479207411606685638e+09
-5.522501495370812416e+09
-5.564350336547719002e+09
-5.604786308486989021e+09
-5.643839779287355423e+09
-5.681539257914893150e+09
-5.717911525958454132e+09
-5.752981756676061630e+09
-5.786773622762969971e+09
-5.819309394082909584e+09
-5.850610026443102837e+09
-5.880695242356142044e+09
-5.909583604613984108e+09
-5.937292583398033142e+09
-5.963838617561914444e+09
-5.989237170647942543e+09
-6.013502782132702827e+09
-6.036649114340106964e+09
-6.058688995410414696e+09
-6.079634458670189857e+09
-6.099496778709808350e+09
-6.118286504441526413e+09
-6.136013489381353378e+09
-6.152686919371665955e+09
-6.168315337938155174e+09
-6.182906669453909874e+09
-6.196468240264838219e+09
-6.209006797914030075e+09
-6.220528528587670326e+09
-6.231039072891630173e+09
-6.240543540055618286e+09
-6.249046520650672913e+09
-6.256552097895557404e+09
-6.263063857618326187e+09
-6.268584896930664062e+09
-6.273117831664582253e+09
-6.276664802613543510e+09
-6.279227480613034248e+09
-6.280807070488851547e+09
-6.281404313894961357e+09
-6.281019491056554794e+09
-6.279652421427884102e+09
-6.277302463268476486e+09
-6.273968512135402679e+09
-6.269648998283331871e+09
-6.264341882958056450e+09
-6.258044653562997818e+09
-6.250754317671829224e+09
-6.242467395853680611e+09
-6.233179913270440102e+09
-6.222887389998198509e+09
-6.211584830017032623e+09
-6.199266708804800034e+09
-6.185926959461443901e+09
-6.171558957280321121e+09
-6.156155502672154427e+09
-6.139708802335252762e+09
-6.122210448552380562e+09
-6.103651396480106354e+09
-6.084021939280117035e+09
-6.063311680923937798e+09
-6.041509506482150078e+09
-6.018603549686450958e+09
-5.994581157527283669e+09
-5.969428851620779037e+09
-5.943132286046024323e+09
-5.915676201316411018e+09
-5.887044374106475830e+09
-5.857219562307247162e+09
-5.826183444927676201e+09
-5.793916556296145439e+09
-5.760398213942720413e+09
-5.725606439458184242e+09
-5.689517871527798653e+09
-5.652107670223738670e+09
-5.613349411507222176e+09
-5.573214970735793114e+09
-5.531674393788675308e+09
-5.488695754207885742e+09
-5.444244994498381615e+09
-5.398285749428269386e+09
-5.350779148809883118e+09
-5.301683596811067581e+09
-5.250954524327086449e+09
-5.198544110316396713e+09
-5.144400967241777420e+09
-5.088469784828206062e+09
-5.030690925206966400e+09
-4.970999961105258942e+09
-4.909327146988258362e+09
-4.845596810868802071e+09
-4.779726651739256859e+09
-4.711626924077274323e+09
-4.641199486397005081e+09
-4.568336685038921356e+09
-4.492920036870412827e+09
-4.414818664684822083e+09
-4.333887425959052086e+09
-4.249964657996713161e+09
-4.162869438506917000e+09
-4.072398227627955437e+09
-3.978320711206973076e+09
-3.880374599513305664e+09
-3.778259040666265488e+09
-3.671626168158100605e+09
-3.560070091097778320e+09
-3.443112310519828320e+09
-3.320182029147810459e+09
-3.190588977759057045e+09
-3.053484949662883759e+09
-2.907807704291420937e+09
-2.752196204298301220e+09
-2.584856909631565094e+09
-2.403341327003877640e+09
-2.204149908558424473e+09
-1.981960418174414635e+09
-1.727923717506278038e+09
-1.425109343990833998e+09
-1.031414516883436203e+09
-2.904447683199418783e+08
