-7.079388002353781462e+08
-1.214662083740936279e+09
-1.561183398891902447e+09
-1.840338617421291590e+09
-2.079437867085042715e+09
-2.291056623887962341e+09
-2.482233280566773415e+09
-2.657383423396834373e+09
-2.819495389823134422e+09
-2.970704435318696976e+09
-3.112599946236118793e+09
-3.246403395004175186e+09
-3.373077908287744045e+09
-3.493399081433675289e+09
-3.608002591939634800e+09
-3.717417283440644741e+09
-3.822088801885948658e+09
-3.922396888928929329e+09
-4.018668298523200512e+09
-4.111186620348194599e+09
-4.200199870911299706e+09
-4.285926443416318417e+09
-4.368559830841946602e+09
-4.448272418300729752e+09
-4.525218559769557953e+09
-4.599537097844668388e+09
-4.671353445171375275e+09
-4.740781317407315254e+09
-4.807924186563327789e+09
-4.872876508029080391e+09
-4.935724762966566086e+09
-4.996548348962479591e+09
-5.055420345112424850e+09
-5.112408172528110504e+09
-5.167574167226479530e+09
-5.220976079196237564e+09
-5.272667508936139107e+09
-5.322698290767660141e+09
-5.371114830627787590e+09
-5.417960404759080887e+09
-5.463275424668175697e+09
-5.507097672869797707e+09
-5.549462513232364655e+09
-5.590403079162830353e+09
-5.629950442388801575e+09
-5.668133764696552277e+09
-5.704980434649272919e+09
-5.740516191029125214e+09
-5.774765234509772301e+09
-5.807750328865429878e+09
-5.839492892851994514e+09
-5.870013083750328064e+09
-5.899329873437299728e+09
-5.927461117743254662e+09
-5.954423619762462616e+09
-5.980233187703531265e+09
-6.004904687797718048e+09
-6.028452092723133087e+09
-6.050888525950505257e+09
-6.072226302370462418e+09
-6.092476965522191048e+09
-6.111651321708065987e+09
-6.129759471247796059e+09
-6.146810837098113060e+09
-6.162814191039689064e+09
-6.177777677611278534e+09
-6.191708835951740265e+09
-6.204614619693325043e+09
-6.216501415034029007e+09
-6.227375057102844238e+09
-6.237240844719070435e+09
-6.246103553635314941e+09
-6.253967448343347549e+09
-6.260836292512312889e+09
-6.266713358119955063e+09
-6.271601433329248428e+09
-6.275502829155168533e+09
-6.278419384959099770e+09
-6.280352472801548004e+09
-6.281303000677285194e+09
-6.281271414650784492e+09
-6.280257699903666496e+09
-6.278261380699927330e+09
-6.275281519268731117e+09
-6.271316713598653793e+09
-6.266365094131254196e+09
-6.260424319335713387e+09
-6.253491570140003204e+09
-6.245563543187499046e+09
-6.236636442881060600e+09
-6.226705972169402122e+09
-6.215767322022817612e+09
-6.203815159537070274e+09
-6.190843614595336914e+09
-6.176846265008413315e+09
-6.161816120042819977e+09
-6.145745602234879494e+09
-6.128626527376080513e+09
-6.110450082540965080e+09
-6.091206802013095856e+09
-6.070886540947290421e+09
-6.049478446586776733e+09
-6.026970926832118034e+09
-6.003351615934207916e+09
-5.978607337055912018e+09
-5.952724061415607452e+09
-5.925686863690361977e+09
-5.897479873316003799e+09
-5.868086221275281906e+09
-5.837487981912503242e+09
-5.805666109252551079e+09
-5.772600367232521057e+09
-5.738269253173909187e+09
-5.702649913730257034e+09
-5.665718052437219620e+09
-5.627447827866282463e+09
-5.587811741236413002e+09
-5.546780512165657997e+09
-5.504322941041937828e+09
-5.460405756252831459e+09
-5.414993444230213165e+09
-5.368048059927551270e+09
-5.319529014943554878e+09
-5.269392840020506859e+09
-5.217592918060114861e+09
-5.164079183089796066e+09
-5.108797779747240067e+09
-5.051690676791080475e+09
-4.992695226839323044e+09
-4.931743662917713165e+09
-4.868762520379540443e+09
-4.803671970219728470e+09
-4.736385046593601227e+09
-4.666806747253938675e+09
-4.594832980352272987e+09
-4.520349324217061996e+09
-4.443229557772699356e+09
-4.363333907424340248e+09
-4.280506940397548199e+09
-4.194575013085691929e+09
-4.105343153563745022e+09
-4.012591216548385143e+09
-3.916069091350204468e+09
-3.815490660430743217e+09
-3.710526084794266224e+09
-3.600791811052361965e+09
-3.485837417557433128e+09
-3.365127981406327248e+09
-3.238019943629566669e+09
-3.103727271191923141e+09
-2.961272663406181335e+09
-2.809414813556667328e+09
-2.646535546091380119e+09
-2.470455867510567188e+09
-2.278116982160534382e+09
-2.064980573757941246e+09
-1.823769598958646774e+09
-1.541359570208240747e+09
-1.188741390613583088e+09
-6.618805461274136305e+08
