-6.261034541919321060e+09
-6.182494725579576492e+09
-6.103954909239831924e+09
-6.025415092900085449e+09
-5.946875276560340881e+09
-5.868335460220596313e+09
-5.789795643880851746e+09
-5.711255827541107178e+09
-5.632716011201362610e+09
-5.554176194861618042e+09
-5.475636378521871567e+09
-5.397096562182126999e+09
-5.318556745842382431e+09
-5.240016929502637863e+09
-5.161477113162893295e+09
-5.082937296823148727e+09
-5.004397480483404160e+09
-4.925857664143659592e+09
-4.847317847803913116e+09
-4.768778031464168549e+09
-4.690238215124423981e+09
-4.611698398784679413e+09
-4.533158582444934845e+09
-4.454618766105190277e+09
-4.376078949765445709e+09
-4.297539133425699234e+09
-4.218999317085954666e+09
-4.140459500746210098e+09
-4.061919684406465530e+09
-3.983379868066720963e+09
-3.904840051726976395e+09
-3.826300235387231827e+09
-3.747760419047487259e+09
-3.669220602707740784e+09
-3.590680786367996216e+09
-3.512140970028251648e+09
-3.433601153688507080e+09
-3.355061337348762512e+09
-3.276521521009017944e+09
-3.197981704669273376e+09
-3.119441888329527855e+09
-3.040902071989783287e+09
-2.962362255650037766e+09
-2.883822439310293198e+09
-2.805282622970548630e+09
-2.726742806630804062e+09
-2.648202990291058540e+09
-2.569663173951313972e+09
-2.491123357611569405e+09
-2.412583541271824837e+09
-2.334043724932079315e+09
-2.255503908592334747e+09
-2.176964092252590179e+09
-2.098424275912845612e+09
-2.019884459573100090e+09
-1.941344643233355522e+09
-1.862804826893610954e+09
-1.784265010553865433e+09
-1.705725194214120865e+09
-1.627185377874376297e+09
-1.548645561534631729e+09
-1.470105745194886208e+09
-1.391565928855141640e+09
-1.313026112515397072e+09
-1.234486296175652504e+09
-1.155946479835906982e+09
-1.077406663496162415e+09
-9.988668471564178467e+08
-9.203270308166732788e+08
-8.417872144769277573e+08
-7.632473981371831894e+08
-6.847075817974386215e+08
-6.061677654576931000e+08
-5.276279491179485321e+08
-4.490881327782039642e+08
-3.705483164384593964e+08
-2.920085000987138748e+08
-2.134686837589693069e+08
-1.349288674192247391e+08
-5.638905107948017120e+07
2.215076526026535034e+07
1.006905816000099182e+08
1.792303979397544861e+08
2.577702142794990540e+08
3.363100306192445755e+08
4.148498469589891434e+08
4.933896632987337112e+08
5.719294796384792328e+08
6.504692959782238007e+08
7.290091123179683685e+08
8.075489286577129364e+08
8.860887449974584579e+08
9.646285613372030258e+08
1.043168377676947594e+09
1.121708194016692162e+09
1.200248010356437206e+09
1.278787826696182251e+09
1.357327643035926819e+09
1.435867459375671864e+09
1.514407275715416431e+09
1.592947092055161476e+09
1.671486908394906044e+09
1.750026724734651089e+09
1.828566541074396133e+09
1.907106357414140701e+09
1.985646173753885746e+09
2.064185990093630314e+09
2.142725806433375359e+09
2.221265622773119926e+09
2.299805439112864971e+09
2.378345255452609539e+09
2.456885071792354584e+09
2.535424888132099152e+09
2.613964704471844196e+09
2.692504520811588764e+09
2.771044337151333809e+09
2.849584153491078377e+09
2.928123969830823421e+09
3.006663786170568466e+09
3.085203602510313034e+09
3.163743418850058079e+09
3.242283235189802647e+09
3.320823051529547691e+09
3.399362867869292259e+09
3.477902684209036827e+09
3.556442500548781872e+09
3.634982316888526917e+09
3.713522133228271484e+09
3.792061949568016529e+09
3.870601765907761574e+09
3.949141582247506142e+09
4.027681398587250710e+09
4.106221214926995754e+09
4.184761031266740799e+09
4.263300847606485367e+09
4.341840663946229935e+09
4.420380480285974503e+09
4.498920296625720024e+09
4.577460112965464592e+09
4.655999929305209160e+09
4.734539745644954681e+09
4.813079561984699249e+09
4.891619378324443817e+09
4.970159194664188385e+09
5.048699011003933907e+09
5.127238827343678474e+09
5.205778643683423042e+09
5.284318460023167610e+09
5.362858276362913132e+09
5.441398092702657700e+09
5.519937909042402267e+09
5.598477725382147789e+09
5.677017541721892357e+09
5.755557358061636925e+09
5.834097174401381493e+09
5.912636990741127014e+09
5.991176807080871582e+09
6.069716623420616150e+09
6.148256439760360718e+09
6.226796256100106239e+09
