-5.055333394249026179e+08
-1.110349701921740055e+09
-1.482515415887448311e+09
-1.774962098364027977e+09
-2.022570626062869072e+09
-2.240258114301675797e+09
-2.436059090924375057e+09
-2.614894713894752502e+09
-2.780040976232686043e+09
-2.933810540714838982e+09
-3.077908988678005219e+09
-3.213637532588086128e+09
-3.342016103137665272e+09
-3.463862016723922729e+09
-3.579842385171813965e+09
-3.690510253195506096e+09
-3.796330247714012146e+09
-3.897697238751894951e+09
-3.994950209294055462e+09
-4.088382758377902508e+09
-4.178251186532881737e+09
-4.264780811603780746e+09
-4.348170967059921265e+09
-4.428599004317330360e+09
-4.506223531716633797e+09
-4.581187061128553391e+09
-4.653618189624630928e+09
-4.723633412433423042e+09
-4.791338640694086075e+09
-4.856830480782475471e+09
-4.920197319499071121e+09
-4.981520249989212990e+09
-5.040873866086908340e+09
-5.098326947248677254e+09
-5.153943051953978539e+09
-5.207781034089854240e+09
-5.259895494186736107e+09
-5.310337175265287399e+09
-5.359153311367546082e+09
-5.406387935486833572e+09
-5.452082152509450912e+09
-5.496274381883169174e+09
-5.539000573991394997e+09
-5.580294403605190277e+09
-5.620187443283049583e+09
-5.658709319170242310e+09
-5.695887851300311089e+09
-5.731749180208030701e+09
-5.766317881416097641e+09
-5.799617069148728371e+09
-5.831668490447837830e+09
-5.862492610716168404e+09
-5.892108691582312584e+09
-5.920534861871571541e+09
-5.947788182370994568e+09
-5.973884704994408607e+09
-5.998839526881749153e+09
-6.022666839904910088e+09
-6.045379975998214722e+09
-6.066991448684330940e+09
-6.087512991125034332e+09
-6.106955590989831924e+09
-6.125329522403387070e+09
-6.142644375204353333e+09
-6.158909081723117828e+09
-6.174131941263642311e+09
-6.188320642454707146e+09
-6.201482283618068695e+09
-6.213623391285083771e+09
-6.224749936979007721e+09
-6.234867352367153168e+09
-6.243980542875360489e+09
-6.252093899846435547e+09
-6.259211311314435005e+09
-6.265336171457583427e+09
-6.270471388784227371e+09
-6.274619393098443031e+09
-6.277782141284546852e+09
-6.279961121942869186e+09
-6.281157358902523994e+09
-6.281371413630575180e+09
-6.280603386550851822e+09
-6.278852917279663086e+09
-6.276119183779676437e+09
-6.272400900427352905e+09
-6.267696314983286858e+09
-6.262003204448792458e+09
-6.255318869785731316e+09
-6.247640129470211983e+09
-6.238963311843911171e+09
-6.229284246219685555e+09
-6.218598252690537453e+09
-6.206900130582857132e+09
-6.194184145486137390e+09
-6.180444014781849861e+09
-6.165672891583885193e+09
-6.149863346991592407e+09
-6.133007350544063568e+09
-6.115096248750548363e+09
-6.096120741556648254e+09
-6.076070856588983536e+09
-6.054935921002089500e+09
-6.032704530730100632e+09
-6.009364516921917915e+09
-5.984902909311691284e+09
-5.959305896246099472e+09
-5.932558781055452347e+09
-5.904645934416509628e+09
-5.875550742310317039e+09
-5.845255549127331734e+09
-5.813741595413665771e+09
-5.780988949685067177e+09
-5.746976433657729149e+09
-5.711681540155438423e+09
-5.675080342848560333e+09
-5.637147396859381676e+09
-5.597855629127059937e+09
-5.557176217259909630e+09
-5.515078455408176422e+09
-5.471529605460831642e+09
-5.426494731597914696e+09
-5.379936515906496048e+09
-5.331815052381971359e+09
-5.282087616173026085e+09
-5.230708404370153427e+09
-5.177628243961447716e+09
-5.122794261756438255e+09
-5.066149510071799278e+09
-5.007632540733734131e+09
-4.947176918418088913e+09
-4.884710662438528061e+09
-4.820155603696962357e+09
-4.753426640483730316e+09
-4.684430872962936401e+09
-4.613066591235682487e+09
-4.539222085476755142e+09
-4.462774238283145905e+09
-4.383586848345327377e+09
-4.301508619843412399e+09
-4.216370732121033669e+09
-4.127983877062165260e+09
-4.036134614006593704e+09
-3.940580839162896633e+09
-3.841046090854938507e+09
-3.737212301791922092e+09
-3.628710445841111183e+09
-3.515108277897931099e+09
-3.395893977354910851e+09
-3.270453882876623154e+09
-3.138041473452646732e+09
-2.997732972213097095e+09
-2.848361748580561161e+09
-2.688417624432428360e+09
-2.515884931875765800e+09
-2.327966419864941597e+09
-2.120575702043359756e+09
-1.887304416005333185e+09
-1.616990291791640043e+09
-1.286491447045891762e+09
-8.265142935210968256e+08
