-6.204953025467317581e+09
-6.126413209127573013e+09
-6.047873392787827492e+09
-5.969333576448082924e+09
-5.890793760108338356e+09
-5.812253943768592834e+09
-5.733714127428848267e+09
-5.655174311089103699e+09
-5.576634494749359131e+09
-5.498094678409613609e+09
-5.419554862069869041e+09
-5.341015045730124474e+09
-5.262475229390379906e+09
-5.183935413050634384e+09
-5.105395596710889816e+09
-5.026855780371145248e+09
-4.948315964031400681e+09
-4.869776147691655159e+09
-4.791236331351910591e+09
-4.712696515012166023e+09
-4.634156698672420502e+09
-4.555616882332675934e+09
-4.477077065992931366e+09
-4.398537249653186798e+09
-4.319997433313441277e+09
-4.241457616973696709e+09
-4.162917800633952141e+09
-4.084377984294207573e+09
-4.005838167954462051e+09
-3.927298351614717484e+09
-3.848758535274972916e+09
-3.770218718935228348e+09
-3.691678902595482826e+09
-3.613139086255738258e+09
-3.534599269915993690e+09
-3.456059453576248169e+09
-3.377519637236503601e+09
-3.298979820896759033e+09
-3.220440004557014465e+09
-3.141900188217268944e+09
-3.063360371877524376e+09
-2.984820555537779808e+09
-2.906280739198035240e+09
-2.827740922858290195e+09
-2.749201106518545151e+09
-2.670661290178800583e+09
-2.592121473839055538e+09
-2.513581657499310970e+09
-2.435041841159565926e+09
-2.356502024819821358e+09
-2.277962208480076313e+09
-2.199422392140331268e+09
-2.120882575800586700e+09
-2.042342759460841656e+09
-1.963802943121097088e+09
-1.885263126781352043e+09
-1.806723310441607475e+09
-1.728183494101862431e+09
-1.649643677762117863e+09
-1.571103861422372818e+09
-1.492564045082628250e+09
-1.414024228742883205e+09
-1.335484412403138638e+09
-1.256944596063393593e+09
-1.178404779723649025e+09
-1.099864963383903980e+09
-1.021325147044158936e+09
-9.427853307044143677e+08
-8.642455143646693230e+08
-7.857056980249247551e+08
-7.071658816851799488e+08
-6.286260653454351425e+08
-5.500862490056903362e+08
-4.715464326659455299e+08
-3.930066163262004852e+08
-3.144667999864556789e+08
-2.359269836467108727e+08
-1.573871673069660664e+08
-7.884735096722126007e+07
-3.075346274764537811e+05
7.823228171226835251e+07
1.567720980520131588e+08
2.353119143917579651e+08
3.138517307315027714e+08
3.923915470712475777e+08
4.709313634109923840e+08
5.494711797507373095e+08
6.280109960904821157e+08
7.065508124302269220e+08
7.850906287699717283e+08
8.636304451097165346e+08
9.421702614494613409e+08
1.020710077789206266e+09
1.099249894128951073e+09
1.177789710468695879e+09
1.256329526808440685e+09
1.334869343148185492e+09
1.413409159487930298e+09
1.491948975827675104e+09
1.570488792167419910e+09
1.649028608507164717e+09
1.727568424846909523e+09
1.806108241186654329e+09
1.884648057526399136e+09
1.963187873866144180e+09
2.041727690205888748e+09
2.120267506545633793e+09
2.198807322885378361e+09
2.277347139225123405e+09
2.355886955564867973e+09
2.434426771904613018e+09
2.512966588244358063e+09
2.591506404584102631e+09
2.670046220923847198e+09
2.748586037263592243e+09
2.827125853603337288e+09
2.905665669943081856e+09
2.984205486282826424e+09
3.062745302622571468e+09
3.141285118962316513e+09
3.219824935302061081e+09
3.298364751641806126e+09
3.376904567981551170e+09
3.455444384321295738e+09
3.533984200661040306e+09
3.612524017000785351e+09
3.691063833340529919e+09
3.769603649680274963e+09
3.848143466020019531e+09
3.926683282359764576e+09
4.005223098699509621e+09
4.083762915039254189e+09
4.162302731378999233e+09
4.240842547718743801e+09
4.319382364058488846e+09
4.397922180398233414e+09
4.476461996737977982e+09
4.555001813077722549e+09
4.633541629417468071e+09
4.712081445757212639e+09
4.790621262096958160e+09
4.869161078436702728e+09
4.947700894776447296e+09
5.026240711116191864e+09
5.104780527455936432e+09
5.183320343795681953e+09
5.261860160135426521e+09
5.340399976475172043e+09
5.418939792814916611e+09
5.497479609154661179e+09
5.576019425494405746e+09
5.654559241834150314e+09
5.733099058173895836e+09
5.811638874513640404e+09
5.890178690853384972e+09
5.968718507193129539e+09
6.047258323532875061e+09
6.125798139872619629e+09
6.204337956212364197e+09
