-1.673542626068002284e+08
-1.004076860401264310e+09
-1.405701329754121065e+09
-1.712158027125530958e+09
-1.968409760625796795e+09
-2.192134087163022995e+09
-2.392473557006608009e+09
-2.574892343448225021e+09
-2.742968179585639954e+09
-2.899196661592494488e+09
-3.045401636148739815e+09
-3.182964649948912621e+09
-3.312962389567685127e+09
-3.436253573450930119e+09
-3.553536329055493832e+09
-3.665387463458498955e+09
-3.772290162108279228e+09
-3.874654032490864754e+09
-3.972829932221511841e+09
-4.067121151835936069e+09
-4.157791992339924812e+09
-4.245074443860715866e+09
-4.329173455842510223e+09
-4.410271146099979401e+09
-4.488530199070883751e+09
-4.564096636610495567e+09
-4.637102097556812286e+09
-4.707665728629316330e+09
-4.775895764812589645e+09
-4.841890859436765671e+09
-4.905741210820075035e+09
-4.967529522295581818e+09
-5.027331824806927681e+09
-5.085218185393188477e+09
-5.141253320338267326e+09
-5.195497128208576202e+09
-5.248005155204833031e+09
-5.298829003033414841e+09
-5.348016687728106499e+09
-5.395612956425540924e+09
-5.441659567941995621e+09
-5.486195542058340073e+09
-5.529257381649507523e+09
-5.570879271160790443e+09
-5.611093254408719063e+09
-5.649929394248367310e+09
-5.687415916284921646e+09
-5.723579338502176285e+09
-5.758444588423649788e+09
-5.792035109204782486e+09
-5.824372955870420456e+09
-5.855478882754787445e+09
-5.885372423067074776e+09
-5.914071961390748024e+09
-5.941594799825770378e+09
-5.967957218397574425e+09
-5.993174530282713890e+09
-6.017261132337018013e+09
-6.040230551356194496e+09
-6.062095486450076103e+09
-6.082867847869017601e+09
-6.102558792583447456e+09
-6.121178756884583473e+09
-6.138737486245137215e+09
-6.155244062653086662e+09
-6.170706929608594894e+09
-6.185133914953792572e+09
-6.198532251686875343e+09
-6.210908596895605087e+09
-6.222269048930602074e+09
-6.232619162925518036e+09
-6.241963964759141922e+09
-6.250307963543523788e+09
-6.257655162712160110e+09
-6.264009069773075104e+09
-6.269372704783085823e+09
-6.273748607591609955e+09
-6.277138843894946098e+09
-6.279545010134932518e+09
-6.280968237269228935e+09
-6.281409193434062004e+09
-6.280868085514104843e+09
-6.279344659628098488e+09
-6.276838200532881737e+09
-6.273347529942562103e+09
-6.268871003753600121e+09
-6.263406508160517693e+09
-6.256951454640752792e+09
-6.249502773780739784e+09
-6.241056907908622742e+09
-6.231609802491917610e+09
-6.221156896251001358e+09
-6.209693109931285858e+09
-6.197212833668327332e+09
-6.183709912870863914e+09
-6.169177632536607742e+09
-6.153608699904570580e+09
-6.136995225335531235e+09
-6.119328701298830032e+09
-6.100599979328818321e+09
-6.080799244797724724e+09
-6.059915989333269119e+09
-6.037938980688698769e+09
-6.014856229849703789e+09
-5.990654955136553764e+09
-5.965321543030277252e+09
-5.938841505418271065e+09
-5.911199432916725159e+09
-5.882378943884006500e+09
-5.852362628689669609e+09
-5.821131988747174263e+09
-5.788667369753288269e+09
-5.754947888502198219e+09
-5.719951352555719376e+09
-5.683654171950535774e+09
-5.646031262006623268e+09
-5.607055936164728165e+09
-5.566699787621275902e+09
-5.524932558341689110e+09
-5.481721993812159538e+09
-5.437033681628479004e+09
-5.390830871709826469e+09
-5.343074275554810524e+09
-5.293721841512834549e+09
-5.242728502509275436e+09
-5.190045892016264915e+09
-5.135622023274813652e+09
-5.079400925813429832e+09
-5.021322232127907753e+09
-4.961320705927838326e+09
-4.899325701540288925e+09
-4.835260541788500786e+09
-4.769041798797641754e+09
-4.700578458538896561e+09
-4.629770945260619164e+09
-4.556509975933064461e+09
-4.480675206983242035e+09
-4.402133625262836456e+09
-4.320737621444256783e+09
-4.236322665538647175e+09
-4.148704479020866394e+09
-4.057675563230475426e+09
-3.963000894918693542e+09
-3.864412530296630859e+09
-3.761602758133757591e+09
-3.654215293354238510e+09
-3.541833777136804581e+09
-3.423966500135327339e+09
-3.300025708646737099e+09
-3.169298937605675220e+09
-3.030908251429953098e+09
-2.883750491246170044e+09
-2.726406418243161678e+09
-2.556996287367491245e+09
-2.372937222996723652e+09
-2.170505726657800674e+09
-1.943970717146695614e+09
-1.683630655248358965e+09
-1.370352221860802174e+09
-9.533001810155590773e+08
