-6.237591537968563080e+09
-6.159051721628817558e+09
-6.080511905289072990e+09
-6.001972088949328423e+09
-5.923432272609583855e+09
-5.844892456269838333e+09
-5.766352639930093765e+09
-5.687812823590349197e+09
-5.609273007250603676e+09
-5.530733190910859108e+09
-5.452193374571114540e+09
-5.373653558231369972e+09
-5.295113741891624451e+09
-5.216573925551879883e+09
-5.138034109212135315e+09
-5.059494292872390747e+09
-4.980954476532645226e+09
-4.902414660192900658e+09
-4.823874843853156090e+09
-4.745335027513411522e+09
-4.666795211173666000e+09
-4.588255394833921432e+09
-4.509715578494176865e+09
-4.431175762154431343e+09
-4.352635945814686775e+09
-4.274096129474942207e+09
-4.195556313135197639e+09
-4.117016496795452118e+09
-4.038476680455707550e+09
-3.959936864115962982e+09
-3.881397047776218414e+09
-3.802857231436473370e+09
-3.724317415096728325e+09
-3.645777598756983757e+09
-3.567237782417238712e+09
-3.488697966077494144e+09
-3.410158149737749100e+09
-3.331618333398004532e+09
-3.253078517058259487e+09
-3.174538700718514442e+09
-3.095998884378769875e+09
-3.017459068039024830e+09
-2.938919251699280262e+09
-2.860379435359535217e+09
-2.781839619019790649e+09
-2.703299802680045605e+09
-2.624759986340301037e+09
-2.546220170000555992e+09
-2.467680353660811424e+09
-2.389140537321066380e+09
-2.310600720981321812e+09
-2.232060904641576767e+09
-2.153521088301832199e+09
-2.074981271962087154e+09
-1.996441455622342110e+09
-1.917901639282597542e+09
-1.839361822942852497e+09
-1.760822006603107929e+09
-1.682282190263363123e+09
-1.603742373923618317e+09
-1.525202557583873510e+09
-1.446662741244128704e+09
-1.368122924904383659e+09
-1.289583108564638853e+09
-1.211043292224894047e+09
-1.132503475885149240e+09
-1.053963659545404434e+09
-9.754238432056596279e+08
-8.968840268659148216e+08
-8.183442105261700153e+08
-7.398043941864252090e+08
-6.612645778466804028e+08
-5.827247615069355965e+08
-5.041849451671908498e+08
-4.256451288274459243e+08
-3.471053124877011180e+08
-2.685654961479563117e+08
-1.900256798082115054e+08
-1.114858634684666991e+08
-3.294604712872189283e+07
4.559376921102297306e+07
1.241335855507677794e+08
2.026734018905125856e+08
2.812132182302573919e+08
3.597530345700022578e+08
4.382928509097470641e+08
5.168326672494918704e+08
5.953724835892367363e+08
6.739122999289815426e+08
7.524521162687263489e+08
8.309919326084711552e+08
9.095317489482159615e+08
9.880715652879607677e+08
1.066611381627705574e+09
1.145151197967450380e+09
1.223691014307195187e+09
1.302230830646939993e+09
1.380770646986685038e+09
1.459310463326429844e+09
1.537850279666174650e+09
1.616390096005919456e+09
1.694929912345664263e+09
1.773469728685409069e+09
1.852009545025153875e+09
1.930549361364898682e+09
2.009089177704643488e+09
2.087628994044388294e+09
2.166168810384132862e+09
2.244708626723877907e+09
2.323248443063622952e+09
2.401788259403367519e+09
2.480328075743112564e+09
2.558867892082857132e+09
2.637407708422602177e+09
2.715947524762346745e+09
2.794487341102091789e+09
2.873027157441836357e+09
2.951566973781581402e+09
3.030106790121326447e+09
3.108646606461071014e+09
3.187186422800816059e+09
3.265726239140560627e+09
3.344266055480305672e+09
3.422805871820050240e+09
3.501345688159795284e+09
3.579885504499539852e+09
3.658425320839284897e+09
3.736965137179029465e+09
3.815504953518774509e+09
3.894044769858519077e+09
3.972584586198264122e+09
4.051124402538008690e+09
4.129664218877753735e+09
4.208204035217498779e+09
4.286743851557243347e+09
4.365283667896987915e+09
4.443823484236732483e+09
4.522363300576478004e+09
4.600903116916222572e+09
4.679442933255967140e+09
4.757982749595712662e+09
4.836522565935457230e+09
4.915062382275201797e+09
4.993602198614946365e+09
5.072142014954691887e+09
5.150681831294436455e+09
5.229221647634181023e+09
5.307761463973925591e+09
5.386301280313671112e+09
5.464841096653415680e+09
5.543380912993160248e+09
5.621920729332905769e+09
5.700460545672650337e+09
5.779000362012394905e+09
5.857540178352139473e+09
5.936079994691884995e+09
6.014619811031629562e+09
6.093159627371374130e+09
6.171699443711118698e+09
6.250239260050864220e+09
