-6.234236656098549843e+09
-6.155696839758805275e+09
-6.077157023419059753e+09
-5.998617207079315186e+09
-5.920077390739570618e+09
-5.841537574399826050e+09
-5.762997758060081482e+09
-5.684457941720335960e+09
-5.605918125380591393e+09
-5.527378309040846825e+09
-5.448838492701101303e+09
-5.370298676361356735e+09
-5.291758860021612167e+09
-5.213219043681867599e+09
-5.134679227342122078e+09
-5.056139411002377510e+09
-4.977599594662632942e+09
-4.899059778322888374e+09
-4.820519961983142853e+09
-4.741980145643398285e+09
-4.663440329303653717e+09
-4.584900512963908195e+09
-4.506360696624163628e+09
-4.427820880284419060e+09
-4.349281063944674492e+09
-4.270741247604929447e+09
-4.192201431265184402e+09
-4.113661614925439835e+09
-4.035121798585694790e+09
-3.956581982245950222e+09
-3.878042165906205177e+09
-3.799502349566460609e+09
-3.720962533226715565e+09
-3.642422716886970520e+09
-3.563882900547225952e+09
-3.485343084207481384e+09
-3.406803267867736340e+09
-3.328263451527991295e+09
-3.249723635188246727e+09
-3.171183818848502159e+09
-3.092644002508757114e+09
-3.014104186169012070e+09
-2.935564369829267502e+09
-2.857024553489522457e+09
-2.778484737149777412e+09
-2.699944920810032845e+09
-2.621405104470288277e+09
-2.542865288130543232e+09
-2.464325471790798664e+09
-2.385785655451053619e+09
-2.307245839111309052e+09
-2.228706022771564007e+09
-2.150166206431818962e+09
-2.071626390092074394e+09
-1.993086573752329350e+09
-1.914546757412584782e+09
-1.836006941072839737e+09
-1.757467124733095169e+09
-1.678927308393350124e+09
-1.600387492053605556e+09
-1.521847675713860512e+09
-1.443307859374115944e+09
-1.364768043034370899e+09
-1.286228226694626331e+09
-1.207688410354881287e+09
-1.129148594015136719e+09
-1.050608777675391674e+09
-9.720689613356466293e+08
-8.935291449959020615e+08
-8.149893286561570168e+08
-7.364495123164124489e+08
-6.579096959766674042e+08
-5.793698796369228363e+08
-5.008300632971777916e+08
-4.222902469574327469e+08
-3.437504306176881790e+08
-2.652106142779436111e+08
-1.866707979381990433e+08
-1.081309815984535217e+08
-2.959116525870895386e+07
4.894865108103561401e+07
1.274884674207801819e+08
2.060282837605257034e+08
2.845681001002702713e+08
3.631079164400148392e+08
4.416477327797603607e+08
5.201875491195049286e+08
5.987273654592494965e+08
6.772671817989940643e+08
7.558069981387395859e+08
8.343468144784841537e+08
9.128866308182287216e+08
9.914264471579732895e+08
1.069966263497718811e+09
1.148506079837463379e+09
1.227045896177207947e+09
1.305585712516952515e+09
1.384125528856698036e+09
1.462665345196442604e+09
1.541205161536187172e+09
1.619744977875932693e+09
1.698284794215677261e+09
1.776824610555421829e+09
1.855364426895166397e+09
1.933904243234911919e+09
2.012444059574656487e+09
2.090983875914401054e+09
2.169523692254145622e+09
2.248063508593891144e+09
2.326603324933635712e+09
2.405143141273380280e+09
2.483682957613124847e+09
2.562222773952870369e+09
2.640762590292614937e+09
2.719302406632359505e+09
2.797842222972105026e+09
2.876382039311849594e+09
2.954921855651594162e+09
3.033461671991338730e+09
3.112001488331084251e+09
3.190541304670828819e+09
3.269081121010573387e+09
3.347620937350317955e+09
3.426160753690063477e+09
3.504700570029808044e+09
3.583240386369552612e+09
3.661780202709297180e+09
3.740320019049042702e+09
3.818859835388787270e+09
3.897399651728532791e+09
3.975939468068277359e+09
4.054479284408021927e+09
4.133019100747766495e+09
4.211558917087511063e+09
4.290098733427255630e+09
4.368638549767000198e+09
4.447178366106746674e+09
4.525718182446491241e+09
4.604257998786235809e+09
4.682797815125980377e+09
4.761337631465724945e+09
4.839877447805469513e+09
4.918417264145214081e+09
4.996957080484958649e+09
5.075496896824705124e+09
5.154036713164449692e+09
5.232576529504194260e+09
5.311116345843938828e+09
5.389656162183683395e+09
5.468195978523427963e+09
5.546735794863172531e+09
5.625275611202919006e+09
5.703815427542663574e+09
5.782355243882408142e+09
5.860895060222152710e+09
5.939434876561897278e+09
6.017974692901641846e+09
6.096514509241386414e+09
6.175054325581130981e+09
6.253594141920877457e+09
