-6.265561625095108032e+09
-6.160841869975448608e+09
-6.056122114855789185e+09
-5.951402359736129761e+09
-5.846682604616468430e+09
-5.741962849496809006e+09
-5.637243094377149582e+09
-5.532523339257490158e+09
-5.427803584137830734e+09
-5.323083829018169403e+09
-5.218364073898509979e+09
-5.113644318778850555e+09
-5.008924563659191132e+09
-4.904204808539531708e+09
-4.799485053419870377e+09
-4.694765298300210953e+09
-4.590045543180551529e+09
-4.485325788060892105e+09
-4.380606032941232681e+09
-4.275886277821572781e+09
-4.171166522701912403e+09
-4.066446767582252979e+09
-3.961727012462593555e+09
-3.857007257342933178e+09
-3.752287502223273754e+09
-3.647567747103614330e+09
-3.542847991983953953e+09
-3.438128236864294529e+09
-3.333408481744635105e+09
-3.228688726624974728e+09
-3.123968971505315304e+09
-3.019249216385655880e+09
-2.914529461265995502e+09
-2.809809706146336079e+09
-2.705089951026676655e+09
-2.600370195907016277e+09
-2.495650440787356853e+09
-2.390930685667697430e+09
-2.286210930548037052e+09
-2.181491175428377628e+09
-2.076771420308717251e+09
-1.972051665189057827e+09
-1.867331910069398403e+09
-1.762612154949738026e+09
-1.657892399830078602e+09
-1.553172644710419178e+09
-1.448452889590758801e+09
-1.343733134471099377e+09
-1.239013379351439953e+09
-1.134293624231780052e+09
-1.029573869112120152e+09
-9.248541139924602509e+08
-8.201343588728008270e+08
-7.154146037531409264e+08
-6.106948486334810257e+08
-5.059750935138216019e+08
-4.012553383941617012e+08
-2.965355832745018005e+08
-1.918158281548423767e+08
-8.709607303518247604e+07
1.762368208447742462e+07
1.223434372041368484e+08
2.270631923237967491e+08
3.317829474434566498e+08
4.365027025631165504e+08
5.412224576827759743e+08
6.459422128024358749e+08
7.506619679220957756e+08
8.553817230417551994e+08
9.601014781614151001e+08
1.064821233281074762e+09
1.169540988400734663e+09
1.274260743520394325e+09
1.378980498640053988e+09
1.483700253759713888e+09
1.588420008879373550e+09
1.693139763999033451e+09
1.797859519118693113e+09
1.902579274238352776e+09
2.007299029358012676e+09
2.112018784477672338e+09
2.216738539597332001e+09
2.321458294716991901e+09
2.426178049836651802e+09
2.530897804956311226e+09
2.635617560075971127e+09
2.740337315195631027e+09
2.845057070315290451e+09
2.949776825434950352e+09
3.054496580554610252e+09
3.159216335674269676e+09
3.263936090793929577e+09
3.368655845913589478e+09
3.473375601033248901e+09
3.578095356152908802e+09
3.682815111272568703e+09
3.787534866392228127e+09
3.892254621511888027e+09
3.996974376631547928e+09
4.101694131751207352e+09
4.206413886870867252e+09
4.311133641990527153e+09
4.415853397110186577e+09
4.520573152229846954e+09
4.625292907349506378e+09
4.730012662469165802e+09
4.834732417588826180e+09
4.939452172708485603e+09
5.044171927828145981e+09
5.148891682947805405e+09
5.253611438067464828e+09
5.358331193187124252e+09
5.463050948306783676e+09
5.567770703426444054e+09
5.672490458546104431e+09
5.777210213665763855e+09
5.881929968785423279e+09
5.986649723905082703e+09
6.091369479024743080e+09
6.196089234144402504e+09
