-4.459316253782919645e+08
-1.224804043728789330e+09
-1.667183979748972178e+09
-2.009210652197574377e+09
-2.296175083318379402e+09
-2.546758749346993446e+09
-2.770849650788385391e+09
-2.974441627087028503e+09
-3.161497389592073917e+09
-3.334800749913290024e+09
-3.496397272139183521e+09
-3.647843098791087627e+09
-3.790355155911983490e+09
-3.924906710773481846e+09
-4.052290798348045826e+09
-4.173163822120227814e+09
-4.288076422348991871e+09
-4.397495885993859291e+09
-4.501822772670627594e+09
-4.601403484972183228e+09
-4.696539931935830116e+09
-4.787497068280755043e+09
-4.874508854346373558e+09
-4.957783023608528137e+09
-5.037504937271625519e+09
-5.113840731061776161e+09
-5.186939906927035332e+09
-5.256937484815032005e+09
-5.323955802428294182e+09
-5.388106030781296730e+09
-5.449489458421678543e+09
-5.508198585901889801e+09
-5.564318063499742508e+09
-5.617925498582445145e+09
-5.669092153884206772e+09
-5.717883553957310677e+09
-5.764360013893549919e+09
-5.808577101899360657e+09
-5.850586045296629906e+09
-5.890434087900915146e+09
-5.928164805415407181e+09
-5.963818384407932281e+09
-5.997431869559966087e+09
-6.029039383152213097e+09
-6.058672320150896072e+09
-6.086359521758488655e+09
-6.112127429873591423e+09
-6.136000224551939011e+09
-6.157999946262187004e+09
-6.178146604476468086e+09
-6.196458273918938637e+09
-6.212951179609268188e+09
-6.227639771677009583e+09
-6.240536790782801628e+09
-6.251653324859712601e+09
-6.260998857779855728e+09
-6.268581310455114365e+09
-6.274407074794321060e+09
-6.278481040860619545e+09
-6.280806617500560760e+09
-6.281385746649123192e+09
-6.280218911451260567e+09
-6.277305138279379845e+09
-6.272641992666463852e+09
-6.266225569115117073e+09
-6.258050474682734489e+09
-6.248109806181136131e+09
-6.236395120764263153e+09
-6.222896399608714104e+09
-6.207602004317709923e+09
-6.190498625598001480e+09
-6.171571223669674873e+09
-6.150802959768734932e+09
-6.128175117989645004e+09
-6.103667016586859703e+09
-6.077255907707739830e+09
-6.048916864360285759e+09
-6.018622653223183632e+09
-5.986343591677280426e+09
-5.952047387169842720e+09
-5.915698956707519531e+09
-5.877260223900321960e+09
-5.836689890534416199e+09
-5.793943179119709015e+09
-5.748971542219034195e+09
-5.701722333593258858e+09
-5.652138435258232117e+09
-5.600157833403086662e+09
-5.545713134710799217e+09
-5.488731012880588531e+09
-5.429131572985298157e+09
-5.366827618583423615e+09
-5.301723803082274437e+09
-5.233715642497583389e+09
-5.162688361179082870e+09
-5.088515534864701271e+09
-5.011057486024300575e+09
-4.930159374066555023e+09
-4.845648906485882759e+09
-4.757333574801611900e+09
-4.664997288822031021e+09
-4.568396240834902763e+09
-4.467253772465517998e+09
-4.361253932955025673e+09
-4.250033295587144852e+09
-4.133170418124364376e+09
-4.010172058988576412e+09
-3.880454834926235676e+09
-3.743320324910421371e+09
-3.597920500740378380e+09
-3.443208438387615681e+09
-3.277865817341342449e+09
-3.100192224456627369e+09
-2.907928280828668594e+09
-2.697956539694511414e+09
-2.465757417000495434e+09
-2.204317884217448235e+09
-1.901615780236422062e+09
-1.533406457004406691e+09
-1.031792466970372796e+09
