-6.271781180378440857e+09
-6.193241364038696289e+09
-6.114701547698951721e+09
-6.036161731359207153e+09
-5.957621915019460678e+09
-5.879082098679716110e+09
-5.800542282339971542e+09
-5.722002466000226974e+09
-5.643462649660482407e+09
-5.564922833320737839e+09
-5.486383016980993271e+09
-5.407843200641248703e+09
-5.329303384301502228e+09
-5.250763567961757660e+09
-5.172223751622013092e+09
-5.093683935282268524e+09
-5.015144118942523956e+09
-4.936604302602779388e+09
-4.858064486263034821e+09
-4.779524669923290253e+09
-4.700984853583545685e+09
-4.622445037243799210e+09
-4.543905220904054642e+09
-4.465365404564310074e+09
-4.386825588224565506e+09
-4.308285771884820938e+09
-4.229745955545075893e+09
-4.151206139205331326e+09
-4.072666322865586758e+09
-3.994126506525841236e+09
-3.915586690186096668e+09
-3.837046873846352100e+09
-3.758507057506607533e+09
-3.679967241166862011e+09
-3.601427424827117443e+09
-3.522887608487372875e+09
-3.444347792147627354e+09
-3.365807975807882786e+09
-3.287268159468138218e+09
-3.208728343128393650e+09
-3.130188526788648129e+09
-3.051648710448903561e+09
-2.973108894109158993e+09
-2.894569077769414425e+09
-2.816029261429668903e+09
-2.737489445089924335e+09
-2.658949628750179768e+09
-2.580409812410435200e+09
-2.501869996070689678e+09
-2.423330179730945110e+09
-2.344790363391200542e+09
-2.266250547051455021e+09
-2.187710730711710453e+09
-2.109170914371965885e+09
-2.030631098032221317e+09
-1.952091281692475796e+09
-1.873551465352731228e+09
-1.795011649012986660e+09
-1.716471832673242092e+09
-1.637932016333496571e+09
-1.559392199993752003e+09
-1.480852383654007435e+09
-1.402312567314262867e+09
-1.323772750974517345e+09
-1.245232934634772778e+09
-1.166693118295028210e+09
-1.088153301955282688e+09
-1.009613485615538120e+09
-9.310736692757935524e+08
-8.525338529360489845e+08
-7.739940365963034630e+08
-6.954542202565588951e+08
-6.169144039168143272e+08
-5.383745875770697594e+08
-4.598347712373247147e+08
-3.812949548975796700e+08
-3.027551385578351021e+08
-2.242153222180900574e+08
-1.456755058783454895e+08
-6.713568953860044479e+07
1.140412680114412308e+07
8.994394314088916779e+07
1.684837594806342125e+08
2.470235758203787804e+08
3.255633921601238251e+08
4.041032084998683929e+08
4.826430248396134377e+08
5.611828411793580055e+08
6.397226575191030502e+08
7.182624738588476181e+08
7.968022901985926628e+08
8.753421065383372307e+08
9.538819228780822754e+08
1.032421739217826843e+09
1.110961555557571888e+09
1.189501371897316456e+09
1.268041188237061501e+09
1.346581004576806545e+09
1.425120820916551113e+09
1.503660637256296158e+09
1.582200453596040726e+09
1.660740269935785532e+09
1.739280086275530338e+09
1.817819902615275145e+09
1.896359718955019951e+09
1.974899535294764996e+09
2.053439351634509802e+09
2.131979167974254608e+09
2.210518984313999176e+09
2.289058800653744221e+09
2.367598616993489265e+09
2.446138433333233833e+09
2.524678249672978401e+09
2.603218066012723446e+09
2.681757882352468491e+09
2.760297698692213058e+09
2.838837515031957626e+09
2.917377331371702671e+09
2.995917147711447716e+09
3.074456964051192284e+09
3.152996780390937328e+09
3.231536596730681896e+09
3.310076413070426941e+09
3.388616229410171509e+09
3.467156045749916553e+09
3.545695862089661121e+09
3.624235678429406166e+09
3.702775494769150734e+09
3.781315311108895779e+09
3.859855127448640823e+09
3.938394943788385391e+09
4.016934760128130436e+09
4.095474576467875004e+09
4.174014392807620049e+09
4.252554209147364616e+09
4.331094025487109184e+09
4.409633841826854706e+09
4.488173658166599274e+09
4.566713474506343842e+09
4.645253290846088409e+09
4.723793107185833931e+09
4.802332923525578499e+09
4.880872739865323067e+09
4.959412556205068588e+09
5.037952372544813156e+09
5.116492188884557724e+09
5.195032005224302292e+09
5.273571821564046860e+09
5.352111637903792381e+09
5.430651454243536949e+09
5.509191270583281517e+09
5.587731086923027039e+09
5.666270903262771606e+09
5.744810719602516174e+09
5.823350535942260742e+09
5.901890352282006264e+09
5.980430168621750832e+09
6.058969984961495399e+09
6.137509801301240921e+09
6.216049617640985489e+09
