-6.238329427265724182e+09
-6.159789610925979614e+09
-6.081249794586235046e+09
-6.002709978246490479e+09
-5.924170161906745911e+09
-5.845630345567001343e+09
-5.767090529227256775e+09
-5.688550712887510300e+09
-5.610010896547765732e+09
-5.531471080208021164e+09
-5.452931263868276596e+09
-5.374391447528532028e+09
-5.295851631188787460e+09
-5.217311814849042892e+09
-5.138771998509296417e+09
-5.060232182169551849e+09
-4.981692365829807281e+09
-4.903152549490062714e+09
-4.824612733150318146e+09
-4.746072916810573578e+09
-4.667533100470827103e+09
-4.588993284131082535e+09
-4.510453467791337967e+09
-4.431913651451593399e+09
-4.353373835111848831e+09
-4.274834018772103786e+09
-4.196294202432359219e+09
-4.117754386092614651e+09
-4.039214569752869129e+09
-3.960674753413124561e+09
-3.882134937073379993e+09
-3.803595120733634472e+09
-3.725055304393889904e+09
-3.646515488054145336e+09
-3.567975671714400768e+09
-3.489435855374655247e+09
-3.410896039034910679e+09
-3.332356222695166111e+09
-3.253816406355421543e+09
-3.175276590015676022e+09
-3.096736773675931454e+09
-3.018196957336186886e+09
-2.939657140996442318e+09
-2.861117324656696796e+09
-2.782577508316952229e+09
-2.704037691977207661e+09
-2.625497875637462139e+09
-2.546958059297717571e+09
-2.468418242957973003e+09
-2.389878426618228436e+09
-2.311338610278482914e+09
-2.232798793938738346e+09
-2.154258977598993778e+09
-2.075719161259249210e+09
-1.997179344919503689e+09
-1.918639528579759121e+09
-1.840099712240014553e+09
-1.761559895900269985e+09
-1.683020079560524464e+09
-1.604480263220779896e+09
-1.525940446881035328e+09
-1.447400630541289806e+09
-1.368860814201545238e+09
-1.290320997861800671e+09
-1.211781181522056103e+09
-1.133241365182310581e+09
-1.054701548842566013e+09
-9.761617325028214455e+08
-8.976219161630768776e+08
-8.190820998233318329e+08
-7.405422834835867882e+08
-6.620024671438422203e+08
-5.834626508040971756e+08
-5.049228344643526077e+08
-4.263830181246075630e+08
-3.478432017848629951e+08
-2.693033854451179504e+08
-1.907635691053729057e+08
-1.122237527656283379e+08
-3.368393642588329315e+07
4.485587991386127472e+07
1.233956962536063194e+08
2.019355125933508873e+08
2.804753289330959320e+08
3.590151452728404999e+08
4.375549616125855446e+08
5.160947779523301125e+08
5.946345942920751572e+08
6.731744106318197250e+08
7.517142269715647697e+08
8.302540433113093376e+08
9.087938596510543823e+08
9.873336759907994270e+08
1.065873492330543995e+09
1.144413308670289040e+09
1.222953125010033607e+09
1.301492941349778414e+09
1.380032757689523220e+09
1.458572574029268026e+09
1.537112390369012833e+09
1.615652206708757877e+09
1.694192023048502684e+09
1.772731839388247490e+09
1.851271655727992296e+09
1.929811472067737103e+09
2.008351288407481909e+09
2.086891104747226715e+09
2.165430921086971283e+09
2.243970737426716328e+09
2.322510553766461372e+09
2.401050370106205940e+09
2.479590186445950508e+09
2.558130002785695553e+09
2.636669819125440598e+09
2.715209635465185165e+09
2.793749451804930210e+09
2.872289268144674778e+09
2.950829084484419823e+09
3.029368900824164391e+09
3.107908717163909435e+09
3.186448533503654003e+09
3.264988349843399048e+09
3.343528166183143616e+09
3.422067982522888660e+09
3.500607798862633705e+09
3.579147615202378273e+09
3.657687431542123318e+09
3.736227247881867886e+09
3.814767064221612930e+09
3.893306880561357498e+09
3.971846696901102543e+09
4.050386513240847111e+09
4.128926329580592155e+09
4.207466145920336723e+09
4.286005962260081768e+09
4.364545778599826813e+09
4.443085594939571381e+09
4.521625411279315948e+09
4.600165227619060516e+09
4.678705043958806038e+09
4.757244860298550606e+09
4.835784676638295174e+09
4.914324492978040695e+09
4.992864309317785263e+09
5.071404125657529831e+09
5.149943941997274399e+09
5.228483758337018967e+09
5.307023574676764488e+09
5.385563391016509056e+09
5.464103207356254578e+09
5.542643023695999146e+09
5.621182840035743713e+09
5.699722656375488281e+09
5.778262472715232849e+09
5.856802289054977417e+09
5.935342105394722939e+09
6.013881921734468460e+09
6.092421738074213028e+09
6.170961554413957596e+09
6.249501370753702164e+09
