-9.357305608139641583e+07
-9.945650192155829668e+08
-1.399009018044132233e+09
-1.706738375436896324e+09
-1.963758774979192495e+09
-2.188013748797116280e+09
-2.388749212044094086e+09
-2.571479034652235508e+09
-2.739808213683822632e+09
-2.896248722810478210e+09
-3.042634923136845589e+09
-3.180355464582728386e+09
-3.310492030077875137e+09
-3.433906969592459679e+09
-3.551301122816938400e+09
-3.663253369414224148e+09
-3.770248509929699421e+09
-3.872697431923672676e+09
-3.970952022667605400e+09
-4.065316411784737110e+09
-4.156055592027533531e+09
-4.243402129732577801e+09
-4.327561458802551270e+09
-4.408716107814857483e+09
-4.487029112162940025e+09
-4.562646795664546967e+09
-4.635701058640083313e+09
-4.706311275581362724e+09
-4.774585880969196320e+09
-4.840623703752971649e+09
-4.904515097582892418e+09
-4.966342903787510872e+09
-5.026183276411758423e+09
-5.084106392736145973e+09
-5.140177068130871773e+09
-5.194455290529996872e+09
-5.246996687000125885e+09
-5.297852932647729874e+09
-5.347072110326982498e+09
-5.394699028176437378e+09
-5.440775500852573395e+09
-5.485340599383595467e+09
-5.528430873793488503e+09
-5.570080552009883881e+09
-5.610321718042830467e+09
-5.649184471984077454e+09
-5.686697074011207581e+09
-5.722886074274751663e+09
-5.757776430288584709e+09
-5.791391613225984573e+09
-5.823753704338846207e+09
-5.854883482560112953e+09
-5.884800504214962006e+09
-5.913523175650937080e+09
-5.941068819498007774e+09
-5.967453735183943748e+09
-5.992693254256285667e+09
-6.016801790997890472e+09
-6.039792888767021179e+09
-6.061679262444078445e+09
-6.082472837324234962e+09
-6.102184784757694244e+09
-6.120825554806159973e+09
-6.138404906154902458e+09
-6.154931933493958473e+09
-6.170415092558961868e+09
-6.184862223001720428e+09
-6.198280569242311478e+09
-6.210676799438080788e+09
-6.222057022690223694e+09
-6.232426804595273972e+09
-6.241791181236778259e+09
-6.250154671701446533e+09
-6.257521289194009781e+09
-6.263894550815789223e+09
-6.269277486063434601e+09
-6.273672644096327782e+09
-6.277082099813735008e+09
-6.279507458775730133e+09
-6.280949860995285988e+09
-6.281409983622467995e+09
-6.280888042535542488e+09
-6.279383792847713470e+09
-6.276896528332274437e+09
-6.273425079763017654e+09
-6.268967812160797119e+09
-6.263522620931073189e+09
-6.257086926871085167e+09
-6.249657670018851280e+09
-6.241231302309545517e+09
-6.231803778997714996e+09
-6.221370548796344757e+09
-6.209926542675806999e+09
-6.197466161257122993e+09
-6.183983260724704742e+09
-6.169471137173608780e+09
-6.153922509295331955e+09
-6.137329499293964386e+09
-6.119683611911215782e+09
-6.100975711423882484e+09
-6.081195996460911751e+09
-6.060333972468755722e+09
-6.038378421633102417e+09
-6.015317370041938782e+09
-5.991138051848821640e+09
-5.965826870165791512e+09
-5.939369354382000923e+09
-5.911750113566253662e+09
-5.882952785568467140e+09
-5.852959981385794640e+09
-5.821753224302629471e+09
-5.789312883248853683e+09
-5.755618099745924950e+09
-5.720646707723984718e+09
-5.684375145393051147e+09
-5.646778358234890938e+09
-5.607829692046309471e+09
-5.567500774805616379e+09
-5.525761385947161674e+09
-5.482579311408719063e+09
-5.437920182555803299e+09
-5.391747296777476311e+09
-5.344021417178765297e+09
-5.294700548352294922e+09
-5.243739684679006577e+09
-5.191090526963627815e+09
-5.136701162427515984e+09
-5.080515702124687195e+09
-5.022473868671238899e+09
-4.962510525725262642e+09
-4.900555138847154617e+09
-4.836531155107667923e+09
-4.770355285958437920e+09
-4.701936674256124496e+09
-4.631175921691652298e+09
-4.557963946884282112e+09
-4.482180636591523170e+09
-4.403693242208600044e+09
-4.322354460061093330e+09
-4.238000115602284431e+09
-4.150446346572689533e+09
-4.059486145586757660e+09
-3.964885074140449524e+09
-3.866375891008430958e+09
-3.763651737940082550e+09
-3.656357377626837254e+09
-3.544077755333765507e+09
-3.426322809262971401e+09
-3.302506903126534462e+09
-3.171920347615899563e+09
-3.033688931406738758e+09
-2.886714632234782219e+09
-2.729585535914868355e+09
-2.560432780272031784e+09
-2.376690522808153152e+09
-2.174663802664512157e+09
-1.948674026750266075e+09
-1.689130327991761446e+09
-1.377191004127841711e+09
-9.632299067504037619e+08
