-9.809729952855771780e+08
-1.389501580391375065e+09
-1.699053931115589380e+09
-1.957170629829499006e+09
-2.182180671299624920e+09
-2.383478777883034706e+09
-2.566650089424455643e+09
-2.735338602982266426e+09
-2.892079677133050919e+09
-3.038722665743896484e+09
-3.176666336621459961e+09
-3.306999483465481281e+09
-3.430589620977210522e+09
-3.548141443907047749e+09
-3.660236776341616631e+09
-3.767362712335404396e+09
-3.869931956534290791e+09
-3.968297857345653534e+09
-4.062765734757730961e+09
-4.153601562611367702e+09
-4.241038724278793335e+09
-4.325283340457089424e+09
-4.406518521932888985e+09
-4.484907801453473091e+09
-4.560597930692584038e+09
-4.633721180415948868e+09
-4.704397247760004044e+09
-4.772734849761410713e+09
-4.838833064078660965e+09
-4.902782464316903114e+09
-4.964666087191000938e+09
-5.024560261027239799e+09
-5.082535319167245865e+09
-5.138656217239044189e+09
-5.192983069667675972e+09
-5.245571617968760490e+09
-5.296473641124094009e+09
-5.345737316545198441e+09
-5.393407538688695908e+09
-5.439526201220367432e+09
-5.484132447674869537e+09
-5.527262894780422211e+09
-5.568951831978006363e+09
-5.609231400135367393e+09
-5.648131752016467094e+09
-5.685681196699939728e+09
-5.721906329832441330e+09
-5.756832151343695641e+09
-5.790482172031190872e+09
-5.822878510236691475e+09
-5.854041979678667068e+09
-5.883992169369586945e+09
-5.912747516431235313e+09
-5.940325372521567345e+09
-5.966742064500685692e+09
-5.992012949889122963e+09
-6.016152467607069016e+09
-6.039174184426952362e+09
-6.061090837522723198e+09
-6.081914373456231117e+09
-6.101655983903364182e+09
-6.120326138389407158e+09
-6.137934614273771286e+09
-6.154490524198266029e+09
-6.170002341190077782e+09
-6.184477921590024948e+09
-6.197924525958389282e+09
-6.210348838094139099e+09
-6.221756982288569450e+09
-6.232154538921073914e+09
-6.241546558492628098e+09
-6.249937574181554794e+09
-6.257331612996094704e+09
-6.263732205588999748e+09
-6.269142394790854454e+09
-6.273564742910829544e+09
-6.277001337846142769e+09
-6.279453798034455299e+09
-6.280923276276750565e+09
-6.281410462451839447e+09
-6.280915585137443542e+09
-6.279438412146747589e+09
-6.276978249983374596e+09
-6.273533942211778641e+09
-6.269103866734128952e+09
-6.263685931958673477e+09
-6.257277571838397026e+09
-6.249875739752374649e+09
-6.241476901195533752e+09
-6.232077025235498428e+09
-6.221671574687747955e+09
-6.210255494952324867e+09
-6.197823201446795464e+09
-6.184368565560876846e+09
-6.169884899048071861e+09
-6.154364936758625984e+09
-6.137800817606027603e+09
-6.120184063645886421e+09
-6.101505557131252289e+09
-6.081755515391973495e+09
-6.060923463367315292e+09
-6.038998203600564957e+09
-6.015967783481216431e+09
-5.991819459494384766e+09
-5.966539658207753181e+09
-5.940113933693094254e+09
-5.912526921041666031e+09
-5.883762285589780807e+09
-5.853802667421711922e+09
-5.822629620660844803e+09
-5.790223546995332718e+09
-5.756563622810052872e+09
-5.721627719210628510e+09
-5.685392314125515938e+09
-5.647832395556208611e+09
-5.608921354910365105e+09
-5.568630869194285393e+09
-5.526930770655275345e+09
-5.483788902245178223e+09
-5.439170957017003059e+09
-5.393040299258460999e+09
-5.345357764798625946e+09
-5.296081437483639717e+09
-5.245166398287400246e+09
-5.192564442882369995e+09
-5.138223762716842651e+09
-5.082088583693557739e+09
-5.024098755375672340e+09
-4.964189282201579094e+09
-4.902289786393834114e+09
-4.838323889999119759e+09
-4.772208500661906242e+09
-4.703852982135172844e+09
-4.633158185923807144e+09
-4.560015314507425308e+09
-4.484304578838323593e+09
-4.405893602611971855e+09
-4.324635512246377945e+09
-4.240366633267282963e+09
-4.152903688958986759e+09
-4.062040362860820293e+09
-3.967543038676505566e+09
-3.869145462823666573e+09
-3.766541975834887981e+09
-3.659378812512041092e+09
-3.547242749756002426e+09
-3.429646038941868305e+09
-3.306006015369816780e+09
-3.175616883282966137e+09
-3.037609652279381752e+09
-2.890893495850121975e+09
-2.734066751850594044e+09
-2.565275774122505188e+09
-2.381978502321844578e+09
-2.180519747272572041e+09
-1.955293877008393764e+09
-1.696863258246235847e+09
-1.386787180285487652e+09
-9.770749429398754835e+08
