-6.343367212440304756e+08
-1.173819457865283966e+09
-1.530027502336582661e+09
-1.814326098210606575e+09
-2.056754048953972340e+09
-2.270761599029637814e+09
-2.463765868719134808e+09
-2.640376728158638477e+09
-2.803693862003608227e+09
-2.955921560456288338e+09
-3.098694606734038353e+09
-3.233265725939259529e+09
-3.360620365016416550e+09
-3.481550547599625587e+09
-3.596704350890977383e+09
-3.706620179414603233e+09
-3.811751187534102917e+09
-3.912483108128440380e+09
-4.009147543008584023e+09
-4.102032053303799152e+09
-4.191387945007050991e+09
-4.277436362971133709e+09
-4.360373122507253647e+09
-4.440372584614744186e+09
-4.517590796808785439e+09
-4.592168063031151772e+09
-4.664231064745159149e+09
-4.733894625574473381e+09
-4.801263190166796684e+09
-4.866432071955494881e+09
-4.929488512529681206e+09
-4.990512586284675598e+09
-5.049577977125225067e+09
-5.106752648676948547e+09
-5.162099425327704430e+09
-5.215676498179966927e+09
-5.267537867435194016e+09
-5.317733730693859100e+09
-5.366310825022471428e+09
-5.413312729322604179e+09
-5.458780132468935013e+09
-5.502751071811955452e+09
-5.545261145925980568e+09
-5.586343704893537521e+09
-5.626030020928579330e+09
-5.664349441734173775e+09
-5.701329528650093079e+09
-5.736996181360013962e+09
-5.771373750687085152e+09
-5.804485140802677155e+09
-5.836351901999816895e+09
-5.866994315035026550e+09
-5.896431467915861130e+09
-5.924681325902864456e+09
-5.951760795401179314e+09
-5.977685782336294174e+09
-6.002471245538382530e+09
-6.026131245598901749e+09
-6.048678989610069275e+09
-6.070126872151506424e+09
-6.090486512847723007e+09
-6.109768790784380913e+09
-6.127983876039843559e+09
-6.145141258560652733e+09
-6.161249774584954262e+09
-6.176317630795919418e+09
-6.190352426367705345e+09
-6.203361173048946381e+09
-6.215350313413113594e+09
-6.226325737390907288e+09
-6.236292797187043190e+09
-6.245256320672210693e+09
-6.253220623330352783e+09
-6.260189518831721306e+09
-6.266166328293213844e+09
-6.271153888279207230e+09
-6.275154557588347435e+09
-6.278170222864528656e+09
-6.280202303063375473e+09
-6.281251752799026489e+09
-6.281319064589681625e+09
-6.280404270014263153e+09
-6.278506939786529541e+09
-6.275626182747063637e+09
-6.271760643767584801e+09
-6.266908500556085587e+09
-6.261067459345164299e+09
-6.254234749439641953e+09
-6.246407116593057632e+09
-6.237580815175791740e+09
-6.227751599090351105e+09
-6.216914711381715775e+09
-6.205064872482398987e+09
-6.192196267023055077e+09
-6.178302529129837990e+09
-6.163376726119269371e+09
-6.147411340489901543e+09
-6.130398250097431183e+09
-6.112328706385978699e+09
-6.093193310532760620e+09
-6.072981987346158028e+09
-6.051683956737930298e+09
-6.029287702568707466e+09
-6.005780938641692162e+09
-5.981150571592070580e+09
-5.955382660388756752e+09
-5.928462372129944801e+09
-5.900373933774095535e+09
-5.871100579402436256e+09
-5.840624492557031631e+09
-5.808926743138803482e+09
-5.775987218281211853e+09
-5.741784546536147118e+09
-5.706296014616952896e+09
-5.669497475837164879e+09
-5.631363249259745598e+09
-5.591866008426990509e+09
-5.550976658371728897e+09
-5.508664199411049843e+09
-5.464895575988329887e+09
-5.419635508550304413e+09
-5.372846306113774300e+09
-5.324487656779776573e+09
-5.274516392976572037e+09
-5.222886227638472557e+09
-5.169547456831334114e+09
-5.114446623487787247e+09
-5.057526135876964569e+09
-4.998723833154835701e+09
-4.937972488756938934e+09
-4.875199240419746399e+09
-4.810324933136717796e+09
-4.743263358218992233e+09
-4.673920367634401321e+09
-4.602192837664575577e+09
-4.527967449266080856e+09
-4.451119243816534996e+09
-4.371509901422301292e+09
-4.288985673593605518e+09
-4.203374881312373638e+09
-4.114484861061350822e+09
-4.022098201866400719e+09
-3.925968060683819294e+09
-3.825812263567128658e+09
-3.721305783338751793e+09
-3.612071010467386723e+09
-3.497664968333298206e+09
-3.377562208346678734e+09
-3.251131450171775818e+09
-3.117602915035689831e+09
-2.976021364150578022e+09
-2.825176344659027100e+09
-2.663494432406393528e+09
-2.488864560195553303e+09
-2.298337225263864040e+09
-2.087564178071755886e+09
-1.849637096460241318e+09
-1.572276557776644230e+09
-1.229069873589260101e+09
-7.326901996711161137e+08
