-6.275830411863838196e+09
-6.197290595524091721e+09
-6.118750779184347153e+09
-6.040210962844602585e+09
-5.961671146504858017e+09
-5.883131330165113449e+09
-5.804591513825368881e+09
-5.726051697485624313e+09
-5.647511881145877838e+09
-5.568972064806133270e+09
-5.490432248466388702e+09
-5.411892432126644135e+09
-5.333352615786899567e+09
-5.254812799447154999e+09
-5.176272983107410431e+09
-5.097733166767665863e+09
-5.019193350427919388e+09
-4.940653534088174820e+09
-4.862113717748430252e+09
-4.783573901408685684e+09
-4.705034085068941116e+09
-4.626494268729196548e+09
-4.547954452389451981e+09
-4.469414636049705505e+09
-4.390874819709960938e+09
-4.312335003370216370e+09
-4.233795187030471802e+09
-4.155255370690727234e+09
-4.076715554350982666e+09
-3.998175738011238098e+09
-3.919635921671493530e+09
-3.841096105331747055e+09
-3.762556288992002487e+09
-3.684016472652257919e+09
-3.605476656312513351e+09
-3.526936839972768784e+09
-3.448397023633024216e+09
-3.369857207293279648e+09
-3.291317390953534126e+09
-3.212777574613789558e+09
-3.134237758274044037e+09
-3.055697941934299469e+09
-2.977158125594554901e+09
-2.898618309254810333e+09
-2.820078492915064812e+09
-2.741538676575320244e+09
-2.662998860235575676e+09
-2.584459043895831108e+09
-2.505919227556085587e+09
-2.427379411216341019e+09
-2.348839594876596451e+09
-2.270299778536851883e+09
-2.191759962197106361e+09
-2.113220145857361794e+09
-2.034680329517617226e+09
-1.956140513177871704e+09
-1.877600696838127136e+09
-1.799060880498382568e+09
-1.720521064158638000e+09
-1.641981247818892479e+09
-1.563441431479147911e+09
-1.484901615139403343e+09
-1.406361798799658775e+09
-1.327821982459913254e+09
-1.249282166120168686e+09
-1.170742349780424118e+09
-1.092202533440679550e+09
-1.013662717100934029e+09
-9.351229007611894608e+08
-8.565830844214448929e+08
-7.780432680816993713e+08
-6.995034517419548035e+08
-6.209636354022102356e+08
-5.424238190624656677e+08
-4.638840027227201462e+08
-3.853441863829755783e+08
-3.068043700432310104e+08
-2.282645537034864426e+08
-1.497247373637409210e+08
-7.118492102399635315e+07
7.354895315748214722e+06
8.589471165549278259e+07
1.644345279952383041e+08
2.429743443349828720e+08
3.215141606747274399e+08
4.000539770144729614e+08
4.785937933542175293e+08
5.571336096939620972e+08
6.356734260337066650e+08
7.142132423734521866e+08
7.927530587131967545e+08
8.712928750529413223e+08
9.498326913926858902e+08
1.028372507732430935e+09
1.106912324072175980e+09
1.185452140411920547e+09
1.263991956751665592e+09
1.342531773091410160e+09
1.421071589431155205e+09
1.499611405770899773e+09
1.578151222110644817e+09
1.656691038450389862e+09
1.735230854790134430e+09
1.813770671129879475e+09
1.892310487469624043e+09
1.970850303809369087e+09
2.049390120149113655e+09
2.127929936488858700e+09
2.206469752828603268e+09
2.285009569168348312e+09
2.363549385508092880e+09
2.442089201847837925e+09
2.520629018187582493e+09
2.599168834527327538e+09
2.677708650867072105e+09
2.756248467206817150e+09
2.834788283546562195e+09
2.913328099886306763e+09
2.991867916226051807e+09
3.070407732565796375e+09
3.148947548905541420e+09
3.227487365245285988e+09
3.306027181585030556e+09
3.384566997924775600e+09
3.463106814264520645e+09
3.541646630604265213e+09
3.620186446944010258e+09
3.698726263283755302e+09
3.777266079623499870e+09
3.855805895963244438e+09
3.934345712302989483e+09
4.012885528642734528e+09
4.091425344982479095e+09
4.169965161322223663e+09
4.248504977661968708e+09
4.327044794001713753e+09
4.405584610341458321e+09
4.484124426681202888e+09
4.562664243020948410e+09
4.641204059360692978e+09
4.719743875700437546e+09
4.798283692040182114e+09
4.876823508379927635e+09
4.955363324719672203e+09
5.033903141059416771e+09
5.112442957399161339e+09
5.190982773738906860e+09
5.269522590078651428e+09
5.348062406418395996e+09
5.426602222758141518e+09
5.505142039097886086e+09
5.583681855437630653e+09
5.662221671777375221e+09
5.740761488117120743e+09
5.819301304456865311e+09
5.897841120796609879e+09
5.976380937136354446e+09
6.054920753476099968e+09
6.133460569815844536e+09
6.212000386155589104e+09
