-2.647076385409812629e+08
-1.024551983554579020e+09
-1.420213503177574635e+09
-1.723939968998009443e+09
-1.978533455190593958e+09
-2.201109548479275703e+09
-2.400590521101732731e+09
-2.582334108921419144e+09
-2.749859459080250263e+09
-2.905626891702699184e+09
-3.051437565701991081e+09
-3.188657679254286766e+09
-3.318353110815063953e+09
-3.441374715886564255e+09
-3.558414744901062012e+09
-3.670045511000358105e+09
-3.776746695688914776e+09
-3.878925127980560303e+09
-3.976929429605146408e+09
-4.071061068338162899e+09
-4.161582841986501694e+09
-4.248725488166171551e+09
-4.332692902960921288e+09
-4.413666310839737892e+09
-4.491807632792614937e+09
-4.567262233667448997e+09
-4.640161183262343407e+09
-4.710623132529584885e+09
-4.778755882161144257e+09
-4.844657703115387917e+09
-4.908418455461946487e+09
-4.970120541997172356e+09
-5.029839725532385826e+09
-5.087645832956908226e+09
-5.143603364681468010e+09
-5.197772024552431107e+09
-5.250207182557263374e+09
-5.300960280442640305e+09
-5.350079188608688354e+09
-5.397608521228240967e+09
-5.443589915394644737e+09
-5.488062279168802261e+09
-5.531062012632229805e+09
-5.572623205423974037e+09
-5.612777813718878746e+09
-5.651555819172152519e+09
-5.688985371993937492e+09
-5.725092920014663696e+09
-5.759903325346848488e+09
-5.793439970033347130e+09
-5.825724851888983727e+09
-5.856778671586668015e+09
-5.886620911905803680e+09
-5.915269909946592331e+09
-5.942742923015521049e+09
-5.969056188802480698e+09
-5.994224980396544456e+09
-6.018263656623674393e+09
-6.041185708134075165e+09
-6.063003799618476868e+09
-6.083729808490134239e+09
-6.103374860332057953e+09
-6.121949361376158714e+09
-6.139463028251998901e+09
-6.155924915217133522e+09
-6.171343439058272362e+09
-6.185726401832102776e+09
-6.199081011596519470e+09
-6.211413901266679764e+09
-6.222731145715683937e+09
-6.233038277226422310e+09
-6.242340299389169693e+09
-6.250641699528540611e+09
-6.257946459733469963e+09
-6.264258066554643631e+09
-6.269579519425351143e+09
-6.273913337853763580e+09
-6.277261567427274704e+09
-6.279625784662516594e+09
-6.281007100728018761e+09
-6.281406164060072899e+09
-6.280823161886234283e+09
-6.279257820664793015e+09
-6.276709405442629814e+09
-6.273176718127953529e+09
-6.268658094668417931e+09
-6.263151401119072914e+09
-6.256654028578402519e+09
-6.249162886964264870e+09
-6.240674397594813347e+09
-6.231184484532443047e+09
-6.220688564641293526e+09
-6.209181536300795555e+09
-6.196657766709171295e+09
-6.183111077701427460e+09
-6.168534729996239662e+09
-6.152921405774989128e+09
-6.136263189484053612e+09
-6.118551546737887383e+09
-6.099777301185576439e+09
-6.079930609186888695e+09
-6.059000932125290871e+09
-6.036977006164697647e+09
-6.013846809233342171e+09
-5.989597524991930008e+09
-5.964215503513559341e+09
-5.937686218369255066e+09
-5.909994219774795532e+09
-5.881123083410979271e+09
-5.851055354479742050e+09
-5.819772486501624107e+09
-5.787254774294558525e+09
-5.753481280498588562e+09
-5.718429754923884392e+09
-5.682076545898393631e+09
-5.644396502673872948e+09
-5.605362867811870575e+09
-5.564947158310653687e+09
-5.523119034045360565e+09
-5.479846151871157646e+09
-5.435094003475814819e+09
-5.388825734755116463e+09
-5.341001944111041069e+09
-5.291580456624981880e+09
-5.240516070519354820e+09
-5.187760271668924332e+09
-5.133260911130455971e+09
-5.076961839690344810e+09
-5.018802492238829613e+09
-4.958717413306797981e+09
-4.896635713268862724e+09
-4.832480442421541214e+09
-4.766167867250584602e+09
-4.697606629522729874e+09
-4.626696764124320030e+09
-4.553328545479630470e+09
-4.477381124440879822e+09
-4.398720907084007263e+09
-4.317199612924453735e+09
-4.232651931325182915e+09
-4.144892669317891121e+09
-4.053713248748388767e+09
-3.958877361132808685e+09
-3.860115518012404442e+09
-3.757118132133872032e+09
-3.649526613098840714e+09
-3.536921731551732063e+09
-3.418808149783745766e+09
-3.294593448277230263e+09
-3.163559041385725975e+09
-3.024818775023413658e+09
-2.877258144420405865e+09
-2.719441713299184799e+09
-2.549465635957519531e+09
-2.364709246466381550e+09
-2.161385575555079937e+09
-1.933646396477434397e+09
-1.671541851555442572e+09
-1.355278174726973295e+09
-9.312189295647878647e+08
