-6.257816490625069618e+09
-6.179276674285325050e+09
-6.100736857945580482e+09
-6.022197041605835915e+09
-5.943657225266091347e+09
-5.865117408926346779e+09
-5.786577592586602211e+09
-5.708037776246855736e+09
-5.629497959907111168e+09
-5.550958143567366600e+09
-5.472418327227622032e+09
-5.393878510887877464e+09
-5.315338694548132896e+09
-5.236798878208388329e+09
-5.158259061868643761e+09
-5.079719245528897285e+09
-5.001179429189152718e+09
-4.922639612849408150e+09
-4.844099796509663582e+09
-4.765559980169919014e+09
-4.687020163830174446e+09
-4.608480347490429878e+09
-4.529940531150683403e+09
-4.451400714810938835e+09
-4.372860898471194267e+09
-4.294321082131449699e+09
-4.215781265791705132e+09
-4.137241449451960564e+09
-4.058701633112215996e+09
-3.980161816772471428e+09
-3.901622000432724953e+09
-3.823082184092980385e+09
-3.744542367753235817e+09
-3.666002551413491249e+09
-3.587462735073746681e+09
-3.508922918734002113e+09
-3.430383102394257545e+09
-3.351843286054512024e+09
-3.273303469714767456e+09
-3.194763653375021935e+09
-3.116223837035277367e+09
-3.037684020695532799e+09
-2.959144204355788231e+09
-2.880604388016042709e+09
-2.802064571676298141e+09
-2.723524755336553574e+09
-2.644984938996809006e+09
-2.566445122657063484e+09
-2.487905306317318916e+09
-2.409365489977574348e+09
-2.330825673637829781e+09
-2.252285857298084259e+09
-2.173746040958339691e+09
-2.095206224618595123e+09
-2.016666408278849602e+09
-1.938126591939105034e+09
-1.859586775599360466e+09
-1.781046959259615898e+09
-1.702507142919870377e+09
-1.623967326580125809e+09
-1.545427510240381241e+09
-1.466887693900636673e+09
-1.388347877560891151e+09
-1.309808061221146584e+09
-1.231268244881402016e+09
-1.152728428541657448e+09
-1.074188612201911926e+09
-9.956487958621673584e+08
-9.171089795224227905e+08
-8.385691631826772690e+08
-7.600293468429327011e+08
-6.814895305031881332e+08
-6.029497141634435654e+08
-5.244098978236980438e+08
-4.458700814839534760e+08
-3.673302651442089081e+08
-2.887904488044643402e+08
-2.102506324647188187e+08
-1.317108161249742508e+08
-5.317099978522968292e+07
2.536881655451488495e+07
1.039086328942604065e+08
1.824484492340049744e+08
2.609882655737495422e+08
3.395280819134950638e+08
4.180678982532396317e+08
4.966077145929841995e+08
5.751475309327287674e+08
6.536873472724742889e+08
7.322271636122188568e+08
8.107669799519634247e+08
8.893067962917079926e+08
9.678466126314530373e+08
1.046386428971198082e+09
1.124926245310942650e+09
1.203466061650687695e+09
1.282005877990432262e+09
1.360545694330177307e+09
1.439085510669921875e+09
1.517625327009666920e+09
1.596165143349411964e+09
1.674704959689156532e+09
1.753244776028901577e+09
1.831784592368646145e+09
1.910324408708391190e+09
1.988864225048135757e+09
2.067404041387880802e+09
2.145943857727625370e+09
2.224483674067370415e+09
2.303023490407114983e+09
2.381563306746860027e+09
2.460103123086604595e+09
2.538642939426349640e+09
2.617182755766094208e+09
2.695722572105839252e+09
2.774262388445584297e+09
2.852802204785328865e+09
2.931342021125073910e+09
3.009881837464818478e+09
3.088421653804563522e+09
3.166961470144308090e+09
3.245501286484052658e+09
3.324041102823797703e+09
3.402580919163542747e+09
3.481120735503287315e+09
3.559660551843032360e+09
3.638200368182777405e+09
3.716740184522521973e+09
3.795280000862266541e+09
3.873819817202011585e+09
3.952359633541756630e+09
4.030899449881501198e+09
4.109439266221245766e+09
4.187979082560990810e+09
4.266518898900735855e+09
4.345058715240480423e+09
4.423598531580224991e+09
4.502138347919970512e+09
4.580678164259715080e+09
4.659217980599459648e+09
4.737757796939204216e+09
4.816297613278949738e+09
4.894837429618694305e+09
4.973377245958438873e+09
5.051917062298183441e+09
5.130456878637928963e+09
5.208996694977673531e+09
5.287536511317418098e+09
5.366076327657163620e+09
5.444616143996908188e+09
5.523155960336652756e+09
5.601695776676397324e+09
5.680235593016142845e+09
5.758775409355887413e+09
5.837315225695631981e+09
5.915855042035376549e+09
5.994394858375122070e+09
6.072934674714866638e+09
6.151474491054611206e+09
6.230014307394355774e+09
