-5.439211910175163746e+08
-1.128121126036680937e+09
-1.495702939250059366e+09
-1.785850017344932079e+09
-2.032007943124033928e+09
-2.248669667133452892e+09
-2.443693364019229412e+09
-2.621911943089589119e+09
-2.786551670394548893e+09
-2.939894756745573044e+09
-3.083626946340982437e+09
-3.219035896376266003e+09
-3.347131914731823921e+09
-3.468725270408762455e+09
-3.584477778286119461e+09
-3.694938413421840668e+09
-3.800568616593079567e+09
-3.901760722338417053e+09
-3.998851666895386696e+09
-4.092133376098567486e+09
-4.181860767197581291e+09
-4.268258002882611752e+09
-4.351523443188056946e+09
-4.431833612463089943e+09
-4.509346411066538811e+09
-4.584203740666240692e+09
-4.656533669090847015e+09
-4.726452229877460480e+09
-4.794064929237943649e+09
-4.859468016633449554e+09
-4.922749562806980133e+09
-4.983990379810922623e+09
-5.043264810465336800e+09
-5.100641409215781212e+09
-5.156183532113084793e+09
-5.209949850311443329e+09
-5.261994798855746269e+09
-5.312368970441367149e+09
-5.361119462158089638e+09
-5.408290181882889748e+09
-5.453922119894096375e+09
-5.498053590388875008e+09
-5.540720446855672836e+09
-5.581956274651360512e+09
-5.621792563634263039e+09
-5.660258863289376259e+09
-5.697382922435267448e+09
-5.733190815311029434e+09
-5.767707055596279144e+09
-5.800954699709530830e+09
-5.832955440553934097e+09
-5.863729692729023933e+09
-5.893296670098572731e+09
-5.921674456494250298e+09
-5.948880070239830971e+09
-5.974929523098618507e+09
-5.999837874175681114e+09
-6.023619279244750977e+09
-6.046287035915826797e+09
-6.067853625012486458e+09
-6.088330748486747742e+09
-6.107729364163072586e+09
-6.126059717571249962e+09
-6.143331371099647522e+09
-6.159553230675391197e+09
-6.174733570155789375e+09
-6.188880053595538139e+09
-6.201999755536531448e+09
-6.214099179451219559e+09
-6.225184274456145287e+09
-6.235260450399364471e+09
-6.244332591413715363e+09
-6.252405068017202377e+09
-6.259481747831965446e+09
-6.265566004984263420e+09
-6.270660728239573479e+09
-6.274768327919071198e+09
-6.277890741636490822e+09
-6.280029438887421608e+09
-6.281185424516523361e+09
-6.281359241081789970e+09
-6.280550970128896713e+09
-6.278760232382590294e+09
-6.275986186856196404e+09
-6.272227528874341011e+09
-6.267482486998036385e+09
-6.261748818835175514e+09
-6.255023805713209152e+09
-6.247304246184337616e+09
-6.238586448326686859e+09
-6.228866220797855377e+09
-6.218138862589541435e+09
-6.206399151423859596e+09
-6.193641330723137856e+09
-6.179859095075518608e+09
-6.165045574108268738e+09
-6.149193314669409752e+09
-6.132294261205718994e+09
-6.114339734211443901e+09
-6.095320406606676102e+09
-6.075226277887378693e+09
-6.054046645869976997e+09
-6.031770075832163811e+09
-6.008384366827559471e+09
-5.983876514924912453e+09
-5.958232673091967583e+09
-5.931438107409537315e+09
-5.903477149261954308e+09
-5.874333143105241776e+09
-5.843988389363039017e+09
-5.812424081941538811e+09
-5.779620239787084579e+09
-5.745555631832114220e+09
-5.710207694584984779e+09
-5.673552441514579773e+09
-5.635564363258854866e+09
-5.596216317544287682e+09
-5.555479407536612511e+09
-5.513322847147297859e+09
-5.469713811589055061e+09
-5.424617271199728012e+09
-5.377995806228128433e+09
-5.329809399886165619e+09
-5.280015206504727364e+09
-5.228567291067987442e+09
-5.175416335719237328e+09
-5.120509308001664162e+09
-5.063789084582064629e+09
-5.005194022955742836e+09
-4.944657472083374977e+09
-4.882107210982430458e+09
-4.817464801876811028e+09
-4.750644841452154160e+09
-4.681554089873209953e+09
-4.610090452225403786e+09
-4.536141780576277733e+09
-4.459584456401543617e+09
-4.380281701964546204e+09
-4.298081554350873947e+09
-4.212814415760047436e+09
-4.124290066171238422e+09
-4.032293986392915249e+09
-3.936582785866548061e+09
-3.836878452825921059e+09
-3.732861032510783195e+09
-3.624159172665259361e+09
-3.510337722226830482e+09
-3.390881173657107353e+09
-3.265171103959849834e+09
-3.132454714262476921e+09
-2.991799747672742367e+09
-2.842027782753502846e+09
-2.681611660962400436e+09
-2.508510170793594360e+09
-2.319885438602288246e+09
-2.111581543299142838e+09
-1.877058276735934973e+09
-1.604861965722540379e+09
-1.271014979566089869e+09
-8.018972640174062252e+08
