-4.217154697331795096e+08
-1.075235274365696192e+09
-1.456736368587983608e+09
-1.753765604176388979e+09
-2.004237943886924267e+09
-2.223939898364758968e+09
-2.421262191886670113e+09
-2.601302659568791389e+09
-2.767436258705542088e+09
-2.922035995639894485e+09
-3.066846632639293194e+09
-3.203196086870946884e+09
-3.332123207244650364e+09
-3.454459141467739105e+09
-3.570881382289299011e+09
-3.681950940356113434e+09
-3.788138672553690434e+09
-3.889844402068422318e+09
-3.987411107047767162e+09
-4.081135650209557056e+09
-4.171277028526576519e+09
-4.258062810306380272e+09
-4.341694224472018242e+09
-4.422350232129033089e+09
-4.500190818944058418e+09
-4.575359683424211502e+09
-4.647986451464511871e+09
-4.718188515499382019e+09
-4.786072573319536209e+09
-4.851735924478099823e+09
-4.915267569437076569e+09
-4.976749146978076935e+09
-5.036255738068987846e+09
-5.093856558739873886e+09
-5.149615560146242142e+09
-5.203591950574332237e+09
-5.255840651443146706e+09
-5.306412697212807655e+09
-5.355355587392765999e+09
-5.402713597461480141e+09
-5.448528054389557838e+09
-5.492837581545952797e+09
-5.535678317019130707e+09
-5.577084108769255638e+09
-5.617086689517620087e+09
-5.655715833855525017e+09
-5.692999499700559616e+09
-5.728963955930965424e+09
-5.763633897778395653e+09
-5.797032551347526550e+09
-5.829181768451219559e+09
-5.860102112796669960e+09
-5.889812938427039146e+09
-5.918332461210652351e+09
-5.945677824073178291e+09
-5.971865156584669113e+09
-5.996909629441079140e+09
-6.020825504317068100e+09
-6.043626179512203217e+09
-6.065324231764883995e+09
-6.085931454566501617e+09
-6.105458893271515846e+09
-6.123916877266801834e+09
-6.141315049434994698e+09
-6.157662393121188164e+09
-6.172967256789865494e+09
-6.187237376538845062e+09
-6.200479896619085312e+09
-6.212701388093119621e+09
-6.223907865750391006e+09
-6.234104803384654999e+09
-6.243297147526802063e+09
-6.251489329715569496e+09
-6.258685277378754616e+09
-6.264888423388414383e+09
-6.270101714345103264e+09
-6.274327617638345718e+09
-6.277568127323173523e+09
-6.279824768845618248e+09
-6.281098602643387794e+09
-6.281390226641641617e+09
-6.280699777657598495e+09
-6.279026931721658707e+09
-6.276370903316840172e+09
-6.272730443532322884e+09
-6.268103837120985985e+09
-6.262488898444698334e+09
-6.255882966284934044e+09
-6.248282897489798546e+09
-6.239685059421803474e+09
-6.230085321163625717e+09
-6.219479043431526184e+09
-6.207861067138021469e+09
-6.195225700536723137e+09
-6.181566704872810364e+09
-6.166877278452368736e+09
-6.151150039032597542e+09
-6.134377004422535896e+09
-6.116549571170327187e+09
-6.097658491197951317e+09
-6.077693846227502823e+09
-6.056645019824381828e+09
-6.034500666861671448e+09
-6.011248680186427116e+09
-5.986876154241943359e+09
-5.961369345370003700e+09
-5.934713628483029366e+09
-5.906893449757313728e+09
-5.877892274954361916e+09
-5.847692532926905632e+09
-5.816275553808353424e+09
-5.783621501317914009e+09
-5.749709298537076950e+09
-5.714516546424484253e+09
-5.678019434233502388e+09
-5.640192640877269745e+09
-5.601009226146436691e+09
-5.560440510521405220e+09
-5.518455942128761292e+09
-5.475022949165012360e+09
-5.430106775842395782e+09
-5.383670299592472076e+09
-5.335673826882349014e+09
-5.286074864541666985e+09
-5.234827862948285103e+09
-5.181883926754714966e+09
-5.127190488027204514e+09
-5.070690935678595543e+09
-5.012324193857389450e+09
-4.952024240447721481e+09
-4.889719554957540512e+09
-4.825332482719211578e+09
-4.758778499356191635e+09
-4.689965355691128731e+09
-4.618792078425907135e+09
-4.545147795658072472e+09
-4.468910348118388176e+09
-4.389944636229757309e+09
-4.308100638715844154e+09
-4.223211019111399651e+09
-4.135088210072751045e+09
-4.043520828772869110e+09
-3.948269225224645615e+09
-3.849059891907459736e+09
-3.745578356225369453e+09
-3.637460018784516811e+09
-3.524278159905429840e+09
-3.405527962448054314e+09
-3.280604799750105381e+09
-3.148774046477435589e+09
-3.009127969012782097e+09
-2.860522201717501163e+09
-2.701478556946385384e+09
-2.530029350672072411e+09
-2.343453355921939373e+09
-2.137793662166697264e+09
-1.906885640807289124e+09
-1.640099675852843285e+09
-1.315790272363651037e+09
-8.719771381519511938e+08
