-6.228604470269480705e+09
-6.123884715149820328e+09
-6.019164960030160904e+09
-5.914445204910500526e+09
-5.809725449790841103e+09
-5.705005694671181679e+09
-5.600285939551521301e+09
-5.495566184431861877e+09
-5.390846429312202454e+09
-5.286126674192542076e+09
-5.181406919072882652e+09
-5.076687163953223228e+09
-4.971967408833562851e+09
-4.867247653713903427e+09
-4.762527898594244003e+09
-4.657808143474583626e+09
-4.553088388354924202e+09
-4.448368633235264778e+09
-4.343648878115604401e+09
-4.238929122995944977e+09
-4.134209367876285553e+09
-4.029489612756625175e+09
-3.924769857636965752e+09
-3.820050102517306328e+09
-3.715330347397645950e+09
-3.610610592277986526e+09
-3.505890837158327103e+09
-3.401171082038666725e+09
-3.296451326919007301e+09
-3.191731571799347878e+09
-3.087011816679687500e+09
-2.982292061560028076e+09
-2.877572306440367699e+09
-2.772852551320708275e+09
-2.668132796201048851e+09
-2.563413041081388474e+09
-2.458693285961729050e+09
-2.353973530842069626e+09
-2.249253775722409248e+09
-2.144534020602749825e+09
-2.039814265483090401e+09
-1.935094510363430500e+09
-1.830374755243770599e+09
-1.725655000124110699e+09
-1.620935245004451275e+09
-1.516215489884791374e+09
-1.411495734765131474e+09
-1.306775979645472050e+09
-1.202056224525812149e+09
-1.097336469406152248e+09
-9.926167142864928246e+08
-8.878969591668329239e+08
-7.831772040471730232e+08
-6.784574489275135994e+08
-5.737376938078536987e+08
-4.690179386881937981e+08
-3.642981835685338974e+08
-2.595784284488744736e+08
-1.548586733292145729e+08
-5.013891820955467224e+07
5.458083691010475159e+07
1.593005920297646523e+08
2.640203471494243145e+08
3.687401022690842152e+08
4.734598573887438774e+08
5.781796125084035397e+08
6.828993676280634403e+08
7.876191227477231026e+08
8.923388778673830032e+08
9.970586329870426655e+08
1.101778388106702328e+09
1.206498143226362228e+09
1.311217898346021891e+09
1.415937653465681553e+09
1.520657408585341454e+09
1.625377163705001116e+09
1.730096918824660778e+09
1.834816673944320679e+09
1.939536429063980341e+09
2.044256184183640242e+09
2.148975939303299904e+09
2.253695694422959805e+09
2.358415449542619228e+09
2.463135204662279129e+09
2.567854959781939030e+09
2.672574714901598930e+09
2.777294470021258354e+09
2.882014225140918255e+09
2.986733980260578156e+09
3.091453735380237579e+09
3.196173490499897480e+09
3.300893245619557381e+09
3.405613000739216805e+09
3.510332755858876705e+09
3.615052510978536606e+09
3.719772266098196030e+09
3.824492021217855930e+09
3.929211776337515831e+09
4.033931531457175255e+09
4.138651286576835155e+09
4.243371041696495056e+09
4.348090796816154480e+09
4.452810551935813904e+09
4.557530307055474281e+09
4.662250062175133705e+09
4.766969817294794083e+09
4.871689572414453506e+09
4.976409327534112930e+09
5.081129082653772354e+09
5.185848837773432732e+09
5.290568592893093109e+09
5.395288348012752533e+09
5.500008103132411957e+09
5.604727858252071381e+09
5.709447613371730804e+09
5.814167368491391182e+09
5.918887123611051559e+09
6.023606878730710983e+09
6.128326633850370407e+09
6.233046388970029831e+09
