-8.127753965986040831e+08
-1.397910400537668228e+09
-1.796043060820671558e+09
-2.115527218092020750e+09
-2.388138959614701271e+09
-2.628502903963844776e+09
-2.844804894476686478e+09
-3.042181750800896168e+09
-3.224111081825323105e+09
-3.393078583936285973e+09
-3.550935064368346691e+09
-3.699103260484837532e+09
-3.838705195488948345e+09
-3.970644503074214935e+09
-4.095661791150298595e+09
-4.214373119570552349e+09
-4.327297496152134895e+09
-4.434876998883463860e+09
-4.537491808920654297e+09
-4.635471646185941696e+09
-4.729104608162198067e+09
-4.818644099024479866e+09
-4.904314330970364571e+09
-4.986314742034892082e+09
-5.064823580548789978e+09
-5.140000840788548470e+09
-5.211990687856824875e+09
-5.280923476351546288e+09
-5.346917442941390038e+09
-5.410080134892295837e+09
-5.470509623065930367e+09
-5.528295537680037498e+09
-5.583519957301526070e+09
-5.636258175510701180e+09
-5.686579364979737282e+09
-5.734547155023737907e+09
-5.780220135768506050e+09
-5.823652299757593155e+09
-5.864893429958933830e+09
-5.903989441627955437e+09
-5.940982684262651443e+09
-5.975912208888136864e+09
-6.008814005088132858e+09
-6.039721211523229599e+09
-6.068664303113110542e+09
-6.095671257590126991e+09
-6.120767703737564087e+09
-6.143977053293622971e+09
-6.165320618220574379e+09
-6.184817714798732758e+09
-6.202485755799530029e+09
-6.218340331815176010e+09
-6.232395282669242859e+09
-6.244662759699017525e+09
-6.255153279583245277e+09
-6.263875770285171509e+09
-6.270837609588183403e+09
-6.276044656617812157e+09
-6.279501276667733192e+09
-6.281210359577026367e+09
-6.281173331840092659e+09
-6.279390162568013191e+09
-6.275859363359577179e+09
-6.270577982080723763e+09
-6.263541590491628647e+09
-6.254744265600042343e+09
-6.244178564556764603e+09
-6.231835492843107224e+09
-6.217704465429613113e+09
-6.201773260508883476e+09
-6.184027965321468353e+09
-6.164452913500784874e+09
-6.143030613258737564e+09
-6.119741665615883827e+09
-6.094564671745759010e+09
-6.067476128348859787e+09
-6.038450309793929100e+09
-6.007459135557467461e+09
-5.974472021250975609e+09
-5.939455711241890907e+09
-5.902374090539541245e+09
-5.863187973220403671e+09
-5.821854864193684578e+09
-5.778328690541088104e+09
-5.732559497981706619e+09
-5.684493107186041832e+09
-5.634070723656769753e+09
-5.581228493661800385e+09
-5.525896997188219070e+09
-5.468000667006228447e+09
-5.407457120588445663e+09
-5.344176388687050819e+09
-5.278060020648969650e+09
-5.209000041804684639e+09
-5.136877732168126106e+09
-5.061562187777965546e+09
-4.982908615659927368e+09
-4.900756299701869965e+09
-4.814926156431949615e+09
-4.725217774927721024e+09
-4.631405801143814087e+09
-4.533235479767142296e+09
-4.430417100109881401e+09
-4.322618996933202744e+09
-4.209458617224421501e+09
-4.090490955053856850e+09
-3.965193337329878330e+09
-3.832945042289082527e+09
-3.692999422933479309e+09
-3.544444854154302120e+09
-3.386148469318818092e+09
-3.216672369728506088e+09
-3.034143760248479843e+09
-2.836043569360338211e+09
-2.618840476726450443e+09
-2.377304209298184872e+09
-2.103067452633954525e+09
-1.781088898085954666e+09
-1.378306990919355154e+09
-7.779782807538064718e+08
