-6.241389280240279198e+09
-6.162849463900534630e+09
-6.084309647560790062e+09
-6.005769831221045494e+09
-5.927230014881300926e+09
-5.848690198541556358e+09
-5.770150382201809883e+09
-5.691610565862065315e+09
-5.613070749522320747e+09
-5.534530933182576180e+09
-5.455991116842831612e+09
-5.377451300503087044e+09
-5.298911484163342476e+09
-5.220371667823597908e+09
-5.141831851483851433e+09
-5.063292035144106865e+09
-4.984752218804362297e+09
-4.906212402464617729e+09
-4.827672586124873161e+09
-4.749132769785128593e+09
-4.670592953445384026e+09
-4.592053137105637550e+09
-4.513513320765892982e+09
-4.434973504426148415e+09
-4.356433688086403847e+09
-4.277893871746659279e+09
-4.199354055406914711e+09
-4.120814239067170143e+09
-4.042274422727425575e+09
-3.963734606387679100e+09
-3.885194790047934532e+09
-3.806654973708189964e+09
-3.728115157368445396e+09
-3.649575341028700829e+09
-3.571035524688956261e+09
-3.492495708349211693e+09
-3.413955892009466171e+09
-3.335416075669721603e+09
-3.256876259329976082e+09
-3.178336442990231514e+09
-3.099796626650486946e+09
-3.021256810310742378e+09
-2.942716993970996857e+09
-2.864177177631252289e+09
-2.785637361291507721e+09
-2.707097544951763153e+09
-2.628557728612017632e+09
-2.550017912272273064e+09
-2.471478095932528496e+09
-2.392938279592783928e+09
-2.314398463253038406e+09
-2.235858646913293839e+09
-2.157318830573549271e+09
-2.078779014233803749e+09
-2.000239197894059181e+09
-1.921699381554314613e+09
-1.843159565214570045e+09
-1.764619748874824524e+09
-1.686079932535079956e+09
-1.607540116195335388e+09
-1.529000299855590820e+09
-1.450460483515845299e+09
-1.371920667176100731e+09
-1.293380850836356163e+09
-1.214841034496611595e+09
-1.136301218156866074e+09
-1.057761401817121506e+09
-9.792215854773769379e+08
-9.006817691376314163e+08
-8.221419527978868484e+08
-7.436021364581422806e+08
-6.650623201183977127e+08
-5.865225037786521912e+08
-5.079826874389076233e+08
-4.294428710991630554e+08
-3.509030547594184875e+08
-2.723632384196729660e+08
-1.938234220799283981e+08
-1.152836057401838303e+08
-3.674378940043926239e+07
4.179602693930625916e+07
1.203358432790508270e+08
1.988756596187953949e+08
2.774154759585409164e+08
3.559552922982854843e+08
4.344951086380300522e+08
5.130349249777746201e+08
5.915747413175201416e+08
6.701145576572647095e+08
7.486543739970092773e+08
8.271941903367538452e+08
9.057340066764988899e+08
9.842738230162439346e+08
1.062813639355988503e+09
1.141353455695733547e+09
1.219893272035478115e+09
1.298433088375223160e+09
1.376972904714967728e+09
1.455512721054712772e+09
1.534052537394457817e+09
1.612592353734202385e+09
1.691132170073947430e+09
1.769671986413691998e+09
1.848211802753437042e+09
1.926751619093181610e+09
2.005291435432926655e+09
2.083831251772671223e+09
2.162371068112416267e+09
2.240910884452160835e+09
2.319450700791905880e+09
2.397990517131650448e+09
2.476530333471395493e+09
2.555070149811140060e+09
2.633609966150885105e+09
2.712149782490630150e+09
2.790689598830374718e+09
2.869229415170119762e+09
2.947769231509864330e+09
3.026309047849609375e+09
3.104848864189353943e+09
3.183388680529098511e+09
3.261928496868843555e+09
3.340468313208588600e+09
3.419008129548333168e+09
3.497547945888078213e+09
3.576087762227823257e+09
3.654627578567567825e+09
3.733167394907312393e+09
3.811707211247057438e+09
3.890247027586802483e+09
3.968786843926547050e+09
4.047326660266291618e+09
4.125866476606036663e+09
4.204406292945781708e+09
4.282946109285526276e+09
4.361485925625270844e+09
4.440025741965016365e+09
4.518565558304760933e+09
4.597105374644505501e+09
4.675645190984250069e+09
4.754185007323995590e+09
4.832724823663740158e+09
4.911264640003484726e+09
4.989804456343229294e+09
5.068344272682974815e+09
5.146884089022719383e+09
5.225423905362463951e+09
5.303963721702209473e+09
5.382503538041954041e+09
5.461043354381698608e+09
5.539583170721443176e+09
5.618122987061188698e+09
5.696662803400933266e+09
5.775202619740677834e+09
5.853742436080422401e+09
5.932282252420167923e+09
6.010822068759912491e+09
6.089361885099657059e+09
6.167901701439401627e+09
6.246441517779147148e+09
