-6.204645490839840889e+09
-6.126105674500096321e+09
-6.047565858160350800e+09
-5.969026041820606232e+09
-5.890486225480861664e+09
-5.811946409141117096e+09
-5.733406592801371574e+09
-5.654866776461627007e+09
-5.576326960121882439e+09
-5.497787143782137871e+09
-5.419247327442392349e+09
-5.340707511102647781e+09
-5.262167694762903214e+09
-5.183627878423158646e+09
-5.105088062083413124e+09
-5.026548245743668556e+09
-4.948008429403923988e+09
-4.869468613064178467e+09
-4.790928796724433899e+09
-4.712388980384689331e+09
-4.633849164044944763e+09
-4.555309347705199242e+09
-4.476769531365454674e+09
-4.398229715025710106e+09
-4.319689898685965538e+09
-4.241150082346220493e+09
-4.162610266006475449e+09
-4.084070449666730881e+09
-4.005530633326985836e+09
-3.926990816987241268e+09
-3.848451000647496223e+09
-3.769911184307751656e+09
-3.691371367968006611e+09
-3.612831551628261566e+09
-3.534291735288516998e+09
-3.455751918948771954e+09
-3.377212102609027386e+09
-3.298672286269282341e+09
-3.220132469929537773e+09
-3.141592653589792728e+09
-3.063052837250048161e+09
-2.984513020910303116e+09
-2.905973204570558548e+09
-2.827433388230813503e+09
-2.748893571891068935e+09
-2.670353755551323891e+09
-2.591813939211579323e+09
-2.513274122871834278e+09
-2.434734306532089233e+09
-2.356194490192344666e+09
-2.277654673852599621e+09
-2.199114857512855053e+09
-2.120575041173110247e+09
-2.042035224833365440e+09
-1.963495408493620634e+09
-1.884955592153875828e+09
-1.806415775814130783e+09
-1.727875959474385977e+09
-1.649336143134641171e+09
-1.570796326794896364e+09
-1.492256510455151558e+09
-1.413716694115406752e+09
-1.335176877775661945e+09
-1.256637061435917139e+09
-1.178097245096172333e+09
-1.099557428756427526e+09
-1.021017612416682720e+09
-9.424777960769379139e+08
-8.639379797371929884e+08
-7.853981633974481821e+08
-7.068583470577033758e+08
-6.283185307179585695e+08
-5.497787143782137632e+08
-4.712388980384689569e+08
-3.926990816987240911e+08
-3.141592653589792848e+08
-2.356194490192344785e+08
-1.570796326794896424e+08
-7.853981633974482119e+07
0.000000000000000000e+00
7.853981633974482119e+07
1.570796326794896424e+08
2.356194490192344785e+08
3.141592653589792848e+08
3.926990816987240911e+08
4.712388980384689569e+08
5.497787143782137632e+08
6.283185307179585695e+08
7.068583470577033758e+08
7.853981633974481821e+08
8.639379797371929884e+08
9.424777960769379139e+08
1.021017612416682720e+09
1.099557428756427526e+09
1.178097245096172333e+09
1.256637061435917139e+09
1.335176877775661945e+09
1.413716694115406752e+09
1.492256510455151558e+09
1.570796326794896364e+09
1.649336143134641171e+09
1.727875959474385977e+09
1.806415775814130783e+09
1.884955592153875828e+09
1.963495408493620634e+09
2.042035224833365440e+09
2.120575041173110247e+09
2.199114857512855053e+09
2.277654673852599621e+09
2.356194490192344666e+09
2.434734306532089233e+09
2.513274122871834278e+09
2.591813939211579323e+09
2.670353755551323891e+09
2.748893571891068935e+09
2.827433388230813503e+09
2.905973204570558548e+09
2.984513020910303116e+09
3.063052837250048161e+09
3.141592653589792728e+09
3.220132469929537773e+09
3.298672286269282341e+09
3.377212102609027386e+09
3.455751918948771954e+09
3.534291735288516998e+09
3.612831551628261566e+09
3.691371367968006611e+09
3.769911184307751656e+09
3.848451000647496223e+09
3.926990816987241268e+09
4.005530633326985836e+09
4.084070449666730881e+09
4.162610266006475449e+09
4.241150082346220493e+09
4.319689898685965538e+09
4.398229715025710106e+09
4.476769531365454674e+09
4.555309347705199242e+09
4.633849164044944763e+09
4.712388980384689331e+09
4.790928796724433899e+09
4.869468613064178467e+09
4.948008429403923988e+09
5.026548245743668556e+09
5.105088062083413124e+09
5.183627878423158646e+09
5.262167694762903214e+09
5.340707511102647781e+09
5.419247327442392349e+09
5.497787143782137871e+09
5.576326960121882439e+09
5.654866776461627007e+09
5.733406592801371574e+09
5.811946409141117096e+09
5.890486225480861664e+09
5.969026041820606232e+09
6.047565858160350800e+09
6.126105674500096321e+09
6.204645490839840889e+09
