-9.790259574586387873e+08
-1.388145077877199411e+09
-1.697958975826635838e+09
-1.956232502655143499e+09
-2.181350389047391891e+09
-2.382728778029226303e+09
-2.565963042212171555e+09
-2.734702768647347450e+09
-2.891486663672309399e+09
-3.038166225544748306e+09
-3.176141668185703754e+09
-3.306502801031437397e+09
-3.430117876191815376e+09
-3.547692138617893219e+09
-3.659807832489350796e+09
-3.766952378991301060e+09
-3.869538741881865501e+09
-3.967920477877524853e+09
-4.062403076639926910e+09
-4.153252651829156876e+09
-4.240702703238809109e+09
-4.324959449415289879e+09
-4.406206084083551407e+09
-4.484606210832991600e+09
-4.560306642273895264e+09
-4.633439701926812172e+09
-4.704125132871624947e+09
-4.772471692376599312e+09
-4.838578493509854317e+09
-4.902536141190073013e+09
-4.964427699946114540e+09
-5.024329522912316322e+09
-5.082311965643488884e+09
-5.138440003730344772e+09
-5.192773769600237846e+09
-5.245369021056465149e+09
-5.296277551863015175e+09
-5.345547552886978149e+09
-5.393223930867553711e+09
-5.439348590712643623e+09
-5.483960686273325920e+09
-5.527096843768329620e+09
-5.568791361390269279e+09
-5.609076388095869064e+09
-5.647982084142347336e+09
-5.685536765564876556e+09
-5.721767034482051849e+09
-5.756697896857172012e+09
-5.790352869124012947e+09
-5.822754074899971008e+09
-5.853922332851229668e+09
-5.883877236639390945e+09
-5.912637227763144493e+09
-5.940219662008866310e+09
-5.966640870138025284e+09
-5.991916213364871025e+09
-6.016060134113256454e+09
-6.039086202485227585e+09
-6.061007158824902534e+09
-6.081834952718187332e+09
-6.101580778731130600e+09
-6.120255109156512260e+09
-6.137867724008901596e+09
-6.154427738482488632e+09
-6.169943628062884331e+09
-6.184423251463594437e+09
-6.197873871539490700e+09
-6.210302174313173294e+09
-6.221714286235313416e+09
-6.232115789786715508e+09
-6.241511737517748833e+09
-6.249906664609752655e+09
-6.257304600032958031e+09
-6.263709076366211891e+09
-6.269123138335213661e+09
-6.273549350118007660e+09
-6.276989801459044456e+09
-6.279446112626037598e+09
-6.280919438237231255e+09
-6.281410469980208397e+09
-6.280919438237231255e+09
-6.279446112626037598e+09
-6.276989801459044456e+09
-6.273549350118007660e+09
-6.269123138335213661e+09
-6.263709076366211891e+09
-6.257304600032958031e+09
-6.249906664609752655e+09
-6.241511737517748833e+09
-6.232115789786715508e+09
-6.221714286235313416e+09
-6.210302174313173294e+09
-6.197873871539490700e+09
-6.184423251463594437e+09
-6.169943628062884331e+09
-6.154427738482488632e+09
-6.137867724008901596e+09
-6.120255109156512260e+09
-6.101580778731130600e+09
-6.081834952718187332e+09
-6.061007158824902534e+09
-6.039086202485227585e+09
-6.016060134113256454e+09
-5.991916213364871025e+09
-5.966640870138025284e+09
-5.940219662008866310e+09
-5.912637227763144493e+09
-5.883877236639390945e+09
-5.853922332851229668e+09
-5.822754074899971008e+09
-5.790352869124012947e+09
-5.756697896857172012e+09
-5.721767034482051849e+09
-5.685536765564876556e+09
-5.647982084142347336e+09
-5.609076388095869064e+09
-5.568791361390269279e+09
-5.527096843768329620e+09
-5.483960686273325920e+09
-5.439348590712643623e+09
-5.393223930867553711e+09
-5.345547552886978149e+09
-5.296277551863015175e+09
-5.245369021056465149e+09
-5.192773769600237846e+09
-5.138440003730344772e+09
-5.082311965643488884e+09
-5.024329522912316322e+09
-4.964427699946114540e+09
-4.902536141190073013e+09
-4.838578493509854317e+09
-4.772471692376599312e+09
-4.704125132871624947e+09
-4.633439701926812172e+09
-4.560306642273895264e+09
-4.484606210832991600e+09
-4.406206084083551407e+09
-4.324959449415289879e+09
-4.240702703238809109e+09
-4.153252651829156876e+09
-4.062403076639926910e+09
-3.967920477877524853e+09
-3.869538741881865501e+09
-3.766952378991301060e+09
-3.659807832489350796e+09
-3.547692138617893219e+09
-3.430117876191815376e+09
-3.306502801031437397e+09
-3.176141668185703754e+09
-3.038166225544748306e+09
-2.891486663672309399e+09
-2.734702768647347450e+09
-2.565963042212171555e+09
-2.382728778029226303e+09
-2.181350389047391891e+09
-1.956232502655143499e+09
-1.697958975826635838e+09
-1.388145077877199411e+09
-9.790259574586387873e+08
