-6.258112257847757339e+09
-6.179572441508012772e+09
-6.101032625168268204e+09
-6.022492808828523636e+09
-5.943952992488779068e+09
-5.865413176149034500e+09
-5.786873359809289932e+09
-5.708333543469545364e+09
-5.629793727129800797e+09
-5.551253910790054321e+09
-5.472714094450309753e+09
-5.394174278110565186e+09
-5.315634461770820618e+09
-5.237094645431076050e+09
-5.158554829091331482e+09
-5.080015012751586914e+09
-5.001475196411842346e+09
-4.922935380072095871e+09
-4.844395563732351303e+09
-4.765855747392606735e+09
-4.687315931052862167e+09
-4.608776114713117599e+09
-4.530236298373373032e+09
-4.451696482033628464e+09
-4.373156665693881989e+09
-4.294616849354137897e+09
-4.216077033014393330e+09
-4.137537216674648762e+09
-4.058997400334903240e+09
-3.980457583995158672e+09
-3.901917767655414104e+09
-3.823377951315669537e+09
-3.744838134975924015e+09
-3.666298318636179447e+09
-3.587758502296434879e+09
-3.509218685956690311e+09
-3.430678869616944790e+09
-3.352139053277200222e+09
-3.273599236937455654e+09
-3.195059420597710133e+09
-3.116519604257965565e+09
-3.037979787918220997e+09
-2.959439971578476429e+09
-2.880900155238730907e+09
-2.802360338898986340e+09
-2.723820522559241772e+09
-2.645280706219497204e+09
-2.566740889879751682e+09
-2.488201073540007114e+09
-2.409661257200262547e+09
-2.331121440860517979e+09
-2.252581624520772457e+09
-2.174041808181027889e+09
-2.095501991841283321e+09
-2.016962175501537800e+09
-1.938422359161793232e+09
-1.859882542822048664e+09
-1.781342726482304096e+09
-1.702802910142558575e+09
-1.624263093802814007e+09
-1.545723277463069439e+09
-1.467183461123324871e+09
-1.388643644783579826e+09
-1.310103828443834782e+09
-1.231564012104090214e+09
-1.153024195764345169e+09
-1.074484379424600601e+09
-9.959445630848555565e+08
-9.174047467451109886e+08
-8.388649304053659439e+08
-7.603251140656208992e+08
-6.817852977258763313e+08
-6.032454813861312866e+08
-5.247056650463867188e+08
-4.461658487066416740e+08
-3.676260323668971062e+08
-2.890862160271520615e+08
-2.105463996874074936e+08
-1.320065833476624489e+08
-5.346676700791788101e+07
2.507304933182716370e+07
1.036128656715717316e+08
1.821526820113167763e+08
2.606924983510613441e+08
3.392323146908063889e+08
4.177721310305514336e+08
4.963119473702960014e+08
5.748517637100410461e+08
6.533915800497856140e+08
7.319313963895304203e+08
8.104712127292752266e+08
8.890110290690200329e+08
9.675508454087648392e+08
1.046090661748509884e+09
1.124630478088254690e+09
1.203170294427999496e+09
1.281710110767744303e+09
1.360249927107489109e+09
1.438789743447233915e+09
1.517329559786978722e+09
1.595869376126723528e+09
1.674409192466468334e+09
1.752949008806213140e+09
1.831488825145957947e+09
1.910028641485702753e+09
1.988568457825447559e+09
2.067108274165192604e+09
2.145648090504937172e+09
2.224187906844682217e+09
2.302727723184426785e+09
2.381267539524171829e+09
2.459807355863916397e+09
2.538347172203661442e+09
2.616886988543406010e+09
2.695426804883151054e+09
2.773966621222895622e+09
2.852506437562640667e+09
2.931046253902385712e+09
3.009586070242130280e+09
3.088125886581875324e+09
3.166665702921619892e+09
3.245205519261364937e+09
3.323745335601109505e+09
3.402285151940854549e+09
3.480824968280599117e+09
3.559364784620344162e+09
3.637904600960088730e+09
3.716444417299833775e+09
3.794984233639578819e+09
3.873524049979323387e+09
3.952063866319067955e+09
4.030603682658813000e+09
4.109143498998558044e+09
4.187683315338302612e+09
4.266223131678047180e+09
4.344762948017791748e+09
4.423302764357537270e+09
4.501842580697281837e+09
4.580382397037026405e+09
4.658922213376771927e+09
4.737462029716516495e+09
4.816001846056261063e+09
4.894541662396005630e+09
4.973081478735751152e+09
5.051621295075495720e+09
5.130161111415240288e+09
5.208700927754985809e+09
5.287240744094730377e+09
5.365780560434474945e+09
5.444320376774219513e+09
5.522860193113964081e+09
5.601400009453709602e+09
5.679939825793454170e+09
5.758479642133199692e+09
5.837019458472944260e+09
5.915559274812688828e+09
5.994099091152433395e+09
6.072638907492177963e+09
6.151178723831922531e+09
6.229718540171668053e+09
