-5.405075952774634361e+08
-1.126499859090838671e+09
-1.494496035126679659e+09
-1.784852335624910593e+09
-2.031142613274770737e+09
-2.247898077189949989e+09
-2.442992879626650810e+09
-2.621267946791666508e+09
-2.785954070394363403e+09
-2.939336236349136353e+09
-3.083101998439543247e+09
-3.218540251379084110e+09
-3.346662182116894722e+09
-3.468278703791569233e+09
-3.584052115641663074e+09
-3.694531765000196934e+09
-3.800179384194132805e+09
-3.901387539839048862e+09
-3.998493355561228275e+09
-4.091788910418258190e+09
-4.181529248358191013e+09
-4.267938637893806458e+09
-4.351215528249238014e+09
-4.431536519563659668e+09
-4.509059577081915855e+09
-4.583926658403307915e+09
-4.656265879872575760e+09
-4.726193317354801178e+09
-4.793814514189246178e+09
-4.859225752565155029e+09
-4.922515132209547043e+09
-4.983763490954418182e+09
-5.043045194642520905e+09
-5.100428818358560562e+09
-5.155977736722359657e+09
-5.209750637651419640e+09
-5.261801971372618675e+09
-5.312182344373244286e+09
-5.360938866308726311e+09
-5.408115456536296844e+09
-5.453753115850840569e+09
-5.497890168107884407e+09
-5.540562475687875748e+09
-5.581803632153538704e+09
-5.621645134953195572e+09
-5.660116540607806206e+09
-5.697245604472380638e+09
-5.733058406871176720e+09
-5.767579467160494804e+09
-5.800831847065128326e+09
-5.832837244458082199e+09
-5.863616078602719307e+09
-5.893187567747859955e+09
-5.921569799855962753e+09
-5.948779797149418831e+09
-5.974833575077937126e+09
-5.999746196238867760e+09
-6.023531819720517159e+09
-6.046203746284688950e+09
-6.067774459757637024e+09
-6.088255664957394600e+09
-6.107658322449214935e+09
-6.125992680388962746e+09
-6.143268303686058044e+09
-6.159494100692608833e+09
-6.174678347603133202e+09
-6.188828710729479790e+09
-6.201952266797825813e+09
-6.214055521398768425e+09
-6.225144425707163811e+09
-6.235224391575501442e+09
-6.244300305092782021e+09
-6.252376538690243721e+09
-6.259456961865398407e+09
-6.265544950586889267e+09
-6.270643395434247971e+09
-6.274754708518898010e+09
-6.277880829225388527e+09
-6.280023228804958344e+09
-6.281182913846937180e+09
-6.281360428647139549e+09
-6.280555856486294746e+09
-6.278768819825512886e+09
-6.275998479419864655e+09
-6.272243532345224380e+09
-6.267502208927505493e+09
-6.261772268557399750e+09
-6.255050994367386818e+09
-6.247335186741385460e+09
-6.238621155620546341e+09
-6.228904711561585426e+09
-6.218181155496405602e+09
-6.206445267133656502e+09
-6.193691291934038162e+09
-6.179912926581729889e+09
-6.165103302863871574e+09
-6.149254969858764648e+09
-6.132359874320899963e+09
-6.114409339137184143e+09
-6.095394039713398933e+09
-6.075303978132936478e+09
-6.054128454910811424e+09
-6.031856038144667625e+09
-6.008474529840536118e+09
-5.983970929164115906e+09
-5.958331392337849617e+09
-5.931541188869447708e+09
-5.903584653758213997e+09
-5.874445135280680656e+09
-5.844104937905790329e+09
-5.812545259831141472e+09
-5.779746124564187050e+09
-5.745686305894418716e+09
-5.710343245512409210e+09
-5.673692962427062988e+09
-5.635709953210705757e+09
-5.596367081959569931e+09
-5.555635458690731049e+09
-5.513484304700749397e+09
-5.469880803180255890e+09
-5.424789933104958534e+09
-5.378174284097954750e+09
-5.329993849569326401e+09
-5.280205794972367287e+09
-5.228764197453480721e+09
-5.175619752491632462e+09
-5.120719442294256210e+09
-5.064006159701809883e+09
-5.005418280104470253e+09
-4.944889172328208923e+09
-4.882346637520953178e+09
-4.817712262652699471e+09
-4.750900672189944267e+09
-4.681818657617377281e+09
-4.610364159490238190e+09
-4.536425070240742683e+09
-4.459877817519662857e+09
-4.380585676710114479e+09
-4.298396746380017281e+09
-4.213141500363055706e+09
-4.124629802706085682e+09
-4.032647233661737442e+09
-3.936950521335863113e+09
-3.837261796937030792e+09
-3.733261279835199356e+09
-3.624577832424036026e+09
-3.510776571868584156e+09
-3.391342331048515797e+09
-3.265657126772569180e+09
-3.132968740255478382e+09
-2.992345698560606956e+09
-2.842610670927159786e+09
-2.682238070668300152e+09
-2.509189052964019299e+09
-2.320629512392099857e+09
-2.112409988272767544e+09
-1.878002550004271984e+09
-1.605980756917461872e+09
-1.272445597994058371e+09
-8.041917698026757240e+08
