-3.000332716962537169e+08
-1.034121318065495610e+09
-1.427044789531467915e+09
-1.729499857380435467e+09
-1.983316837151245594e+09
-2.205353620369065285e+09
-2.404430597817473412e+09
-2.585856029067643166e+09
-2.753121737393520355e+09
-2.908671551284294128e+09
-3.054296004006665230e+09
-3.191354095275268078e+09
-3.320906628809068680e+09
-3.443800764795261860e+09
-3.560725989519480705e+09
-3.672252501091556549e+09
-3.778858330978487968e+09
-3.880948999141382217e+09
-3.978872073435649395e+09
-4.072928162157338142e+09
-4.163379354072992325e+09
-4.250455795823169231e+09
-4.334360886344252586e+09
-4.415275428372927666e+09
-4.493360982406731606e+09
-4.568762602996051788e+09
-4.641611091135704041e+09
-4.712024863545536995e+09
-4.780111515695772171e+09
-4.845969137830116272e+09
-4.909687430133942604e+09
-4.971348653326091766e+09
-5.031028443443516731e+09
-5.088796513818063736e+09
-5.144717262771075249e+09
-5.198850302053442955e+09
-5.251250918301873207e+09
-5.301970477593214035e+09
-5.351056781428542137e+09
-5.398554381070306778e+09
-5.444504856015196800e+09
-5.488947061456445694e+09
-5.531917348828368187e+09
-5.573449762899442673e+09
-5.613576218361879349e+09
-5.652326658434639931e+09
-5.689729197636948586e+09
-5.725810250587467194e+09
-5.760594648430079460e+09
-5.794105744272249222e+09
-5.826365508839512825e+09
-5.857394617394271851e+09
-5.887212528834227562e+09
-5.915837557771904945e+09
-5.943286940298713684e+09
-5.969576894052414894e+09
-5.994722673133624077e+09
-6.018738618353421211e+09
-6.041638203238753319e+09
-6.063434076173976898e+09
-6.084138099014534950e+09
-6.103761382471570015e+09
-6.122314318533552170e+09
-6.139806610162023544e+09
-6.156247298473011971e+09
-6.171644787592840195e+09
-6.186006867356851578e+09
-6.199340734001399994e+09
-6.211653008983239174e+09
-6.222949756045818329e+09
-6.233236496638765335e+09
-6.242518223784929276e+09
-6.250799414478362083e+09
-6.258084040686713219e+09
-6.264375579022310257e+09
-6.269677019137676239e+09
-6.273990870893401146e+09
-6.277319170338800430e+09
-6.279663484538873672e+09
-6.281024915274374008e+09
-6.281404101635449409e+09
-6.280801221523132324e+09
-6.279215992066919327e+09
-6.276647668960720062e+09
-6.273095044713557243e+09
-6.268556445805378914e+09
-6.263029728732347488e+09
-6.256512274919695854e+09
-6.249000984473848343e+09
-6.240492268738745689e+09
-6.230982041614277840e+09
-6.220465709587171555e+09
-6.208938160416697502e+09
-6.196393750408874512e+09
-6.182826290203557014e+09
-6.168229028988551140e+09
-6.152594637043826103e+09
-6.135915186506612778e+09
-6.118182130234695435e+09
-6.099386278630209923e+09
-6.079517774269636154e+09
-6.058566064167082787e+09
-6.036519869477135658e+09
-6.013367152420191765e+09
-5.989095080186874390e+09
-5.963689985548357964e+09
-5.937137323865732193e+09
-5.909421626153271675e+09
-5.880526447806780815e+09
-5.850434312558403969e+09
-5.819126651162102699e+09
-5.786583734248390198e+09
-5.752784598711275101e+09
-5.717706966902894974e+09
-5.681327157809942245e+09
-5.643619989268086433e+09
-5.604558670132955551e+09
-5.564114681165125847e+09
-5.522257643197276115e+09
-5.478955170928377151e+09
-5.434172710425527573e+09
-5.387873358099918365e+09
-5.340017658548601151e+09
-5.290563378204396248e+09
-5.239465251195277214e+09
-5.186674693160031319e+09
-5.132139477971078873e+09
-5.075803371342356682e+09
-5.017605714104114532e+09
-4.957480946447371483e+09
-4.895358062600305557e+09
-4.831159983093249321e+09
-4.764802828860386848e+09
-4.696195077729306221e+09
-4.625236579112534523e+09
-4.551817396593464851e+09
-4.475816440114567757e+09
-4.397099838958334923e+09
-4.315518992709176064e+09
-4.230908218526900768e+09
-4.143081887346900940e+09
-4.051830906074941635e+09
-3.956918352971770763e+09
-3.858074002302733898e+09
-3.754987371070943356e+09
-3.647298767726459980e+09
-3.534587591178675652e+09
-3.416356768967232227e+09
-3.292011649511711597e+09
-3.160830717180541039e+09
-3.021923880464550495e+09
-2.874171193660950184e+09
-2.716129443917863369e+09
-2.545883197686677933e+09
-2.360793584985304832e+09
-2.157042985211660385e+09
-1.928726399387050390e+09
-1.665772974277369499e+09
-1.348064046873090506e+09
-9.205524111148954630e+08
