-7.359206847650508881e+08
-1.230974146506726503e+09
-1.573746624768270731e+09
-1.850870747261868238e+09
-2.088643004840348959e+09
-2.299304171867214203e+09
-2.489745517590516090e+09
-2.664306439668079853e+09
-2.825931326315302849e+09
-2.976728054784681797e+09
-3.118267941940340042e+09
-3.251759984657866478e+09
-3.378158378822705746e+09
-3.498232133735068798e+09
-3.612611947757717609e+09
-3.721822819958743095e+09
-3.826307373401688099e+09
-3.926442935129613876e+09
-4.022554303475468636e+09
-4.114923464718074799e+09
-4.203797106315245628e+09
-4.289392508985404015e+09
-4.371902226229950905e+09
-4.451497843399157524e+09
-4.528333028649609566e+09
-4.602546032516043663e+09
-4.674261753367908478e+09
-4.743593457608432770e+09
-4.810644222724401474e+09
-4.875508155946048737e+09
-4.938271429787942886e+09
-4.999013167048262596e+09
-5.057806201198559761e+09
-5.114717732968451500e+09
-5.169809899938284874e+09
-5.223140272820221901e+09
-5.274762289630855560e+09
-5.324725636985029221e+09
-5.373076586157892227e+09
-5.419858290284840584e+09
-5.465111048031788826e+09
-5.508872538221187592e+09
-5.551178029203767776e+09
-5.592060566192066193e+09
-5.631551139295876503e+09
-5.669678834603216171e+09
-5.706470970318634987e+09
-5.741953219691846848e+09
-5.776149722234395027e+09
-5.809083184522839546e+09
-5.840774971717555046e+09
-5.871245190781681061e+09
-5.900512766261121750e+09
-5.928595509380157471e+09
-5.955510181115745544e+09
-5.981272549834414482e+09
-6.005897444007072449e+09
-6.029398800457416534e+09
-6.051789708547598839e+09
-6.073082450659347534e+09
-6.093288539288871765e+09
-6.112418751038766861e+09
-6.130483157759277344e+09
-6.147491155063879967e+09
-6.163451488419922829e+09
-6.178372276993473053e+09
-6.192261035408302307e+09
-6.205124693561679840e+09
-6.216969614624202728e+09
-6.227801611336934090e+09
-6.237625960706514359e+09
-6.246447417187424660e+09
-6.254270224430158615e+09
-6.261098125664422035e+09
-6.266934372777653694e+09
-6.271781734140958786e+09
-6.275642501226861954e+09
-6.278518494056091309e+09
-6.280411065503787041e+09
-6.281321104489015579e+09
-6.281249038065155029e+09
-6.280194832422670364e+09
-6.278157992809755325e+09
-6.275137562370427132e+09
-6.271132119893674850e+09
-6.266139776461316109e+09
-6.260158170976019859e+09
-6.253184464544734955e+09
-6.245215333686105728e+09
-6.236246962323664665e+09
-6.226275032519270897e+09
-6.215294713893557549e+09
-6.203300651671833038e+09
-6.190286953284946442e+09
-6.176247173444897652e+09
-6.161174297604393959e+09
-6.145060723697897911e+09
-6.127898242048958778e+09
-6.109678013314411163e+09
-6.090390544320371628e+09
-6.070025661627394676e+09
-6.048572482642645836e+09
-6.026019384074962616e+09
-6.002353967504016876e+09
-5.977563021806951523e+09
-5.951632482154383659e+09
-5.924547385251894951e+09
-5.896291820462554932e+09
-5.866848876399564743e+09
-5.836200582525131226e+09
-5.804327845230760574e+09
-5.771210377804145813e+09
-5.736826623606994629e+09
-5.701153671694565773e+09
-5.664167163999086380e+09
-5.625841193072652817e+09
-5.586148189237323761e+09
-5.545058795816720963e+09
-5.502541730919263840e+09
-5.458563634002098083e+09
-5.413088895158757210e+09
-5.366079464733126640e+09
-5.317494640455098152e+09
-5.267290828804261208e+09
-5.215421276717815399e+09
-5.161835769043310165e+09
-5.106480286264467239e+09
-5.049296615959391594e+09
-4.990221910132747650e+09
-4.929188178929420471e+09
-4.866121709197663307e+09
-4.800942393806727409e+09
-4.733562954379628181e+09
-4.663888035962951660e+09
-4.591813146832104683e+09
-4.517223409722015381e+09
-4.439992081722630501e+09
-4.359978788099475861e+09
-4.277027399268530846e+09
-4.190963458443501949e+09
-4.101591037685540199e+09
-4.008688858633781910e+09
-3.912005455612955093e+09
-3.811253074600932121e+09
-3.706099878182351589e+09
-3.596159842105195522e+09
-3.480979446560339451e+09
-3.360019821262906551e+09
-3.232632284328415871e+09
-3.098024010007626057e+09
-2.955208459987845421e+09
-2.802931378375572681e+09
-2.639555753584242821e+09
-2.462873897538322449e+09
-2.269780625648691177e+09
-2.055656424712886810e+09
-1.813065243959856749e+09
-1.528512615500996113e+09
-1.171818692091402769e+09
-6.305793154097003937e+08
