-6.281393014166675568e+09
-6.202853197826931000e+09
-6.124313381487186432e+09
-6.045773565147439957e+09
-5.967233748807695389e+09
-5.888693932467950821e+09
-5.810154116128206253e+09
-5.731614299788461685e+09
-5.653074483448717117e+09
-5.574534667108972549e+09
-5.495994850769227982e+09
-5.417455034429481506e+09
-5.338915218089736938e+09
-5.260375401749992371e+09
-5.181835585410247803e+09
-5.103295769070503235e+09
-5.024755952730758667e+09
-4.946216136391014099e+09
-4.867676320051268578e+09
-4.789136503711524010e+09
-4.710596687371778488e+09
-4.632056871032033920e+09
-4.553517054692289352e+09
-4.474977238352544785e+09
-4.396437422012799263e+09
-4.317897605673054695e+09
-4.239357789333310127e+09
-4.160817972993565559e+09
-4.082278156653820038e+09
-4.003738340314075470e+09
-3.925198523974330902e+09
-3.846658707634586334e+09
-3.768118891294840813e+09
-3.689579074955096245e+09
-3.611039258615351677e+09
-3.532499442275606155e+09
-3.453959625935861588e+09
-3.375419809596117020e+09
-3.296879993256372452e+09
-3.218340176916626930e+09
-3.139800360576882362e+09
-3.061260544237137794e+09
-2.982720727897393227e+09
-2.904180911557647705e+09
-2.825641095217903137e+09
-2.747101278878158569e+09
-2.668561462538414001e+09
-2.590021646198668480e+09
-2.511481829858923912e+09
-2.432942013519179344e+09
-2.354402197179433823e+09
-2.275862380839689255e+09
-2.197322564499944687e+09
-2.118782748160200119e+09
-2.040242931820454597e+09
-1.961703115480710030e+09
-1.883163299140965462e+09
-1.804623482801220894e+09
-1.726083666461475372e+09
-1.647543850121730804e+09
-1.569004033781986237e+09
-1.490464217442241669e+09
-1.411924401102496147e+09
-1.333384584762751579e+09
-1.254844768423007011e+09
-1.176304952083261490e+09
-1.097765135743516922e+09
-1.019225319403772354e+09
-9.406855030640277863e+08
-8.621456867242822647e+08
-7.836058703845376968e+08
-7.050660540447931290e+08
-6.265262377050485611e+08
-5.479864213653035164e+08
-4.694466050255584717e+08
-3.909067886858139038e+08
-3.123669723460688591e+08
-2.338271560063242912e+08
-1.552873396665792465e+08
-7.674752332683467865e+07
1.792293012910366058e+06
8.033210935265541077e+07
1.588719256923999786e+08
2.374117420321450233e+08
3.159515583718895912e+08
3.944913747116346359e+08
4.730311910513792038e+08
5.515710073911242485e+08
6.301108237308688164e+08
7.086506400706138611e+08
7.871904564103584290e+08
8.657302727501034737e+08
9.442700890898480415e+08
1.022809905429593086e+09
1.101349721769337654e+09
1.179889538109082699e+09
1.258429354448827744e+09
1.336969170788572311e+09
1.415508987128317356e+09
1.494048803468061924e+09
1.572588619807806730e+09
1.651128436147551537e+09
1.729668252487296343e+09
1.808208068827041149e+09
1.886747885166786194e+09
1.965287701506531000e+09
2.043827517846275806e+09
2.122367334186020613e+09
2.200907150525765419e+09
2.279446966865509987e+09
2.357986783205255032e+09
2.436526599545000076e+09
2.515066415884744644e+09
2.593606232224489212e+09
2.672146048564234257e+09
2.750685864903979301e+09
2.829225681243723869e+09
2.907765497583468914e+09
2.986305313923213482e+09
3.064845130262958527e+09
3.143384946602703094e+09
3.221924762942448139e+09
3.300464579282192707e+09
3.379004395621937752e+09
3.457544211961682320e+09
3.536084028301427364e+09
3.614623844641171932e+09
3.693163660980916977e+09
3.771703477320662022e+09
3.850243293660406590e+09
3.928783110000151634e+09
4.007322926339896202e+09
4.085862742679641247e+09
4.164402559019385815e+09
4.242942375359130859e+09
4.321482191698875427e+09
4.400022008038619995e+09
4.478561824378365517e+09
4.557101640718110085e+09
4.635641457057854652e+09
4.714181273397600174e+09
4.792721089737344742e+09
4.871260906077089310e+09
4.949800722416833878e+09
5.028340538756578445e+09
5.106880355096323967e+09
5.185420171436068535e+09
5.263959987775813103e+09
5.342499804115558624e+09
5.421039620455303192e+09
5.499579436795047760e+09
5.578119253134792328e+09
5.656659069474537849e+09
5.735198885814282417e+09
5.813738702154026985e+09
5.892278518493772507e+09
5.970818334833517075e+09
6.049358151173261642e+09
6.127897967513006210e+09
6.206437783852750778e+09
