-1.480857707761984877e+07
-9.903179785226513147e+08
-1.396031195107744932e+09
-1.704329631069468260e+09
-1.961692860635281563e+09
-2.186184178447031021e+09
-2.387095858824157238e+09
-2.569964009638539314e+09
-2.738405809400424957e+09
-2.894940541285301685e+09
-3.041407255317036629e+09
-3.179197767096542835e+09
-3.309395985134869576e+09
-3.432865876354708672e+09
-3.550309487657803059e+09
-3.662306620937695026e+09
-3.769342795219583511e+09
-3.871829467381295681e+09
-3.970118982548144817e+09
-4.064515843393249512e+09
-4.155285350165377617e+09
-4.242660325303205490e+09
-4.326846418005084991e+09
-4.408026339372714043e+09
-4.486363280732226372e+09
-4.562003700053286552e+09
-4.635079613814197540e+09
-4.705710497681587219e+09
-4.774004874744481087e+09
-4.840061651949907303e+09
-4.903971251931103706e+09
-4.965816577296828270e+09
-5.025673836755019188e+09
-5.083613256536188126e+09
-5.139699696005172729e+09
-5.193993182773684502e+09
-5.246549379809741020e+09
-5.297419994805310249e+09
-5.346653140277834892e+09
-5.394293651445129395e+09
-5.440383367750682831e+09
-5.484961382970159531e+09
-5.528064268055159569e+09
-5.569726270232781410e+09
-5.609979491352240562e+09
-5.648854048031597137e+09
-5.686378215791825294e+09
-5.722578559058784485e+09
-5.757480048655440331e+09
-5.791106168188442230e+09
-5.823479010548044205e+09
-5.854619365582674980e+09
-5.884546799874767303e+09
-5.913279729428980827e+09
-5.940835485984580994e+09
-5.967230377578047752e+09
-5.992479743907816887e+09
-6.016598006988615036e+09
-6.039598717526843071e+09
-6.061494597399476051e+09
-6.082297578576111794e+09
-6.102018838786165237e+09
-6.120668834200094223e+09
-6.138257329364258766e+09
-6.154793424603167534e+09
-6.170285581079807281e+09
-6.184741643684317589e+09
-6.198168861902945518e+09
-6.210573908802804947e+09
-6.221962898253226280e+09
-6.232341400491140366e+09
-6.241714456125870705e+09
-6.250086588667722702e+09
-6.257461815654668808e+09
-6.263843658442231178e+09
-6.269235150713068962e+09
-6.273638845754856110e+09
-6.277056822547567368e+09
-6.279490690694290161e+09
-6.280941594222969055e+09
-6.281410214280128479e+09
-6.280896770731384277e+09
-6.279401022677542686e+09
-6.276922267889115334e+09
-6.273459341156149864e+09
-6.269010611544304848e+09
-6.263573978542081833e+09
-6.257146867077878952e+09
-6.249726221379156113e+09
-6.241308497639296532e+09
-6.231889655450698853e+09
-6.221465147955183029e+09
-6.210029910654797554e+09
-6.197578348817551613e+09
-6.184104323403315544e+09
-6.169601135425021172e+09
-6.154061508649266243e+09
-6.137477570528294563e+09
-6.119840831241931915e+09
-6.101142160713240623e+09
-6.081371763445148468e+09
-6.060519151006942749e+09
-6.038573111978899002e+09
-6.015521679140202522e+09
-5.991352093659296989e+09
-5.966050766016339302e+09
-5.939603233354169846e+09
-5.911994112916309357e+09
-5.883207051187433243e+09
-5.853224668302474022e+09
-5.822028497234130859e+09
-5.789598917203734398e+09
-5.755915080685750008e+09
-5.720954833289916992e+09
-5.684694625705018997e+09
-5.647109416771948814e+09
-5.608172566618110657e+09
-5.567855718626349449e+09
-5.526128668825125694e+09
-5.482959221066704750e+09
-5.438313026099959373e+09
-5.392153402335214615e+09
-5.344441135729777336e+09
-5.295134255780923843e+09
-5.244187784081272125e+09
-5.191553451248337746e+09
-5.137179377258346558e+09
-5.081009709259273529e+09
-5.022984209764570236e+09
-4.963037786678642273e+09
-4.901099954801423073e+09
-4.837094216201254845e+09
-4.770937343998491287e+09
-4.702538550486297607e+09
-4.631798515885464668e+09
-4.558608248051861763e+09
-4.482847735664547920e+09
-4.404384347170181274e+09
-4.323070914123579979e+09
-4.238743419220312595e+09
-4.151218184331481457e+09
-4.060288419356912613e+09
-3.965719944386137962e+09
-3.867245828847549438e+09
-3.764559591595566273e+09
-3.657306458462049961e+09
-3.545071951038640022e+09
-3.427366735479621887e+09
-3.303606110813181877e+09
-3.173081613484090328e+09
-3.034920676188760757e+09
-2.888027543183050156e+09
-2.730993530587070465e+09
-2.561954572690856934e+09
-2.378352327863428116e+09
-2.176504388434310436e+09
-1.950755213960194349e+09
-1.691562429001837492e+09
-1.380211575131489515e+09
-9.675988463934483528e+08
