-5.883455367778421640e+08
-1.282566278463038921e+09
-1.709347709633710146e+09
-2.043729549618747711e+09
-2.325910337333545208e+09
-2.573121619438264370e+09
-2.794658903211897373e+09
-2.996222529779420376e+09
-3.181610921591358662e+09
-3.353507747209836483e+09
-3.513893554247016430e+09
-3.664280168919462204e+09
-3.805853116959388256e+09
-3.939562702277741432e+09
-4.066184718905631065e+09
-4.186362334667268753e+09
-4.300635833426874161e+09
-4.409464263622636795e+09
-4.513241535565132141e+09
-4.612308616117406845e+09
-4.706962919765437126e+09
-4.797465646730368614e+09
-4.884047591992183685e+09
-4.966913797913816452e+09
-5.046247320211721420e+09
-5.122212305572337151e+09
-5.194956528763712883e+09
-5.264613500904707909e+09
-5.331304234223263741e+09
-5.395138729222912788e+09
-5.456217235690905571e+09
-5.514631328050437927e+09
-5.570464827225419998e+09
-5.623794594770606041e+09
-5.674691220036733627e+09
-5.723219617237159729e+09
-5.769439546201163292e+09
-5.813406068148591042e+09
-5.855169945858035088e+09
-5.894777996018754959e+09
-5.932273400273283005e+09
-5.967695980410558701e+09
-6.001082442310062408e+09
-6.032466592528401375e+09
-6.061879530831646919e+09
-6.089349821486325264e+09
-6.114903645711086273e+09
-6.138564937344988823e+09
-6.160355503495491028e+09
-6.180295131680076599e+09
-6.198401684762376785e+09
-6.214691184800499916e+09
-6.229177886766790390e+09
-6.241874342960379601e+09
-6.252791458813025475e+09
-6.261938540681992531e+09
-6.269323336128651619e+09
-6.274952067095923424e+09
-6.278829456319933891e+09
-6.280958747239604950e+09
-6.281341717601097107e+09
-6.279978686890700340e+09
-6.276868517668849945e+09
-6.272008610818276405e+09
-6.265394894659891129e+09
-6.257021807829760551e+09
-6.246882275748402596e+09
-6.234967680448490143e+09
-6.221267823457713127e+09
-6.205770881358630180e+09
-6.188463353565441132e+09
-6.169330001766929626e+09
-6.148353780383495331e+09
-6.125515757271860123e+09
-6.100795023781002045e+09
-6.074168593113924026e+09
-6.045611285778096199e+09
-6.015095600708167076e+09
-5.982591570412053108e+09
-5.948066598218897820e+09
-5.911485275385929108e+09
-5.872809175440433502e+09
-5.831996622679525375e+09
-5.789002431207711220e+09
-5.743777610239409447e+09
-5.696269030604300499e+09
-5.646419046433866501e+09
-5.594165064834605217e+09
-5.539439054911259651e+09
-5.482166985719395638e+09
-5.422268180505515099e+09
-5.359654571808601379e+09
-5.294229838481745720e+09
-5.225888401220162392e+09
-5.154514247445607185e+09
-5.079979548975314140e+09
-5.002143026210914612e+09
-4.920847999797278404e+09
-4.835920053652937889e+09
-4.747164210274565697e+09
-4.654361487795743942e+09
-4.557264664754071236e+09
-4.455593017313321114e+09
-4.349025706180840492e+09
-4.237193363051497459e+09
-4.119667237111380577e+09
-3.995944974464178085e+09
-3.865431654956208706e+09
-3.727413991644183159e+09
-3.581024406066998005e+09
-3.425189640642623425e+09
-3.258554878724453926e+09
-3.079367348454498291e+09
-2.885289271732004642e+09
-2.673079243530066013e+09
-2.438007105934288979e+09
-2.172664769529867649e+09
-1.864170941384347200e+09
-1.485887594141192198e+09
-9.584665523214435577e+08
