-5.710226285790308714e+08
-1.141268830591806412e+09
-1.505518262762067795e+09
-1.793972945681868792e+09
-2.039057530984718084e+09
-2.254957936191079617e+09
-2.449403594309319496e+09
-2.627162658865709305e+09
-2.791424779384158134e+09
-2.944449686491534233e+09
-3.087908452026861191e+09
-3.223078691936703205e+09
-3.350963577127110004e+09
-3.472368144443683147e+09
-3.587950272838330269e+09
-3.698255911192826748e+09
-3.803744129602220058e+09
-3.904805375020968914e+09
-4.001775059220668793e+09
-4.094943861264421940e+09
-4.184565667272099495e+09
-4.270863778560052395e+09
-4.354035829069249153e+09
-4.434257726059670448e+09
-4.511686841517222404e+09
-4.586464621603229523e+09
-4.658718738989842415e+09
-4.728564882425828934e+09
-4.796108255669915199e+09
-4.861444841546397209e+09
-4.924662474646327019e+09
-4.985841756963403702e+09
-5.045056843710365295e+09
-5.102376121137711525e+09
-5.157862793962483406e+09
-5.211575396713288307e+09
-5.263568240690976143e+09
-5.313891806171138763e+09
-5.362593087814278603e+09
-5.409715899911272049e+09
-5.455301147006533623e+09
-5.499387064556142807e+09
-5.542009433552300453e+09
-5.583201772447113991e+09
-5.622995509212961197e+09
-5.661420135964147568e+09
-5.698503348219611168e+09
-5.734271170596884727e+09
-5.768748070483375549e+09
-5.801957061024442673e+09
-5.833919794592290878e+09
-5.864656647750041962e+09
-5.894186798597446442e+09
-5.922528297274795532e+09
-5.949698130307084084e+09
-5.975712279388723373e+09
-6.000585775138404846e+09
-6.024332746292174339e+09
-6.046966464749219894e+09
-6.068499386838049889e+09
-6.088943191129684448e+09
-6.108308813088441849e+09
-6.126606476819117546e+09
-6.143845724141242027e+09
-6.160035441196253777e+09
-6.175183882771254539e+09
-6.189298694503315926e+09
-6.202386933110645294e+09
-6.214455084781088829e+09
-6.225509081834193230e+09
-6.235554317760142326e+09
-6.244595660727195740e+09
-6.252637465638587952e+09
-6.259683584810049057e+09
-6.265737377330147743e+09
-6.270801717157257080e+09
-6.274878999999232292e+09
-6.277971149014541626e+09
-6.280079619366716385e+09
-6.281205401657398224e+09
-6.281349024256938934e+09
-6.280510554545367241e+09
-6.278689599070537567e+09
-6.275885302624321938e+09
-6.272096346231780052e+09
-6.267320944042259216e+09
-6.261556839105279922e+09
-6.254801298007802010e+09
-6.247051104342968941e+09
-6.238302550973620415e+09
-6.228551431046698570e+09
-6.217793027707051277e+09
-6.206022102450940132e+09
-6.193232882050811768e+09
-6.179419043973297119e+09
-6.164573700202062607e+09
-6.148689379365709305e+09
-6.131758007058420181e+09
-6.113770884227185249e+09
-6.094718663484123230e+09
-6.074591323185287476e+09
-6.053378139098275185e+09
-6.031067653459581375e+09
-6.007647641198563576e+09
-5.983105073077816010e+09
-5.957426075469083786e+09
-5.930595886449108124e+09
-5.902598807860300064e+09
-5.873418152936092377e+09
-5.843036189039329529e+09
-5.811434075002995491e+09
-5.778591792494709969e+09
-5.744488070748094559e+09
-5.709100303913545609e+09
-5.672404460175857544e+09
-5.634374981663788795e+09
-5.594984674033818245e+09
-5.554204584442893028e+09
-5.512003866428091049e+09
-5.468349629978740692e+09
-5.423206774811161041e+09
-5.376537804528614044e+09
-5.328302618957719803e+09
-5.278458281483017921e+09
-5.226958757635290146e+09
-5.173754620503614426e+09
-5.118792717706332207e+09
-5.062015793634280205e+09
-5.003362059421749115e+09
-4.942764701542836189e+09
-4.880151317989359856e+09
-4.815443268550397873e+09
-4.748554922634891510e+09
-4.679392784158154488e+09
-4.607854467979797363e+09
-4.533827495861527443e+09
-4.457187871391251564e+09
-4.377798382066398621e+09
-4.295506561706978798e+09
-4.210142226078697205e+09
-4.121514466849862099e+09
-4.029407950505031586e+09
-3.933578314617906094e+09
-3.833746376244779587e+09
-3.729590753957643986e+09
-3.620738336464174747e+09
-3.506751774046032906e+09
-3.387112767964373589e+09
-3.261199287921271324e+09
-3.128253775298250675e+09
-2.987337537724178791e+09
-2.837263195479544640e+09
-2.676490670831542015e+09
-2.502959283762398720e+09
-2.313800128748188972e+09
-2.104804002731971025e+09
-1.869329221548884630e+09
-1.595696268609797955e+09
-1.259271384282404661e+09
-7.829082011248019934e+08
