-9.790233048359307051e+08
-1.388143207046290159e+09
-1.697957446352617502e+09
-1.956231175111589193e+09
-2.181349198507948875e+09
-2.382727688109304905e+09
-2.565962030122972488e+09
-2.734701819007244110e+09
-2.891485765524168491e+09
-3.038165370758294582e+09
-3.176140850532219410e+09
-3.306502015614508152e+09
-3.430117119079859257e+09
-3.547691406597432137e+09
-3.659807122893836498e+09
-3.766951689579027176e+09
-3.869538070746785641e+09
-3.967919823382759571e+09
-4.062402437367278576e+09
-4.153252026540164948e+09
-4.240702090844274998e+09
-4.324958848951128960e+09
-4.406205494691431999e+09
-4.484605631744657516e+09
-4.560306072798345566e+09
-4.633439141439723969e+09
-4.704124580806565285e+09
-4.772471148217663765e+09
-4.838577956785459518e+09
-4.902535611467694283e+09
-4.964427176827788353e+09
-5.024329006030792236e+09
-5.082311454658898354e+09
-5.138439498327324867e+09
-5.192773269485423088e+09
-5.245368525956295967e+09
-5.296277061521815300e+09
-5.345547067065261841e+09
-5.393223449340527534e+09
-5.439348113268876076e+09
-5.483960212713570595e+09
-5.527096373904465675e+09
-5.568790895044359207e+09
-5.609075925099308014e+09
-5.647981624335103989e+09
-5.685536308794798851e+09
-5.721766580604245186e+09
-5.756697445733434677e+09
-5.790352420622319221e+09
-5.822753628894002914e+09
-5.853921889219947815e+09
-5.883876795266642570e+09
-5.912636788537302017e+09
-5.940219224822497368e+09
-5.966640434887584686e+09
-5.991915779950422287e+09
-6.016059702438205719e+09
-6.039085772456085205e+09
-6.061006730351055145e+09
-6.081834525711687088e+09
-6.101580353106501579e+09
-6.120254684830562592e+09
-6.137867300900556564e+09
-6.154427316512620926e+09
-6.169943207154167175e+09
-6.184422831540352821e+09
-6.197873452527565956e+09
-6.210301756139793396e+09
-6.221713868828962326e+09
-6.232115373077022552e+09
-6.241511321435369492e+09
-6.249906249086258888e+09
-6.257304185000732422e+09
-6.263708661758345604e+09
-6.269122724085406303e+09
-6.273548936160468102e+09
-6.276989387728397369e+09
-6.279445699057228088e+09
-6.280919024765433311e+09
-6.281410056540731430e+09
-6.280919024765433311e+09
-6.279445699057228088e+09
-6.276989387728397369e+09
-6.273548936160468102e+09
-6.269122724085406303e+09
-6.263708661758345604e+09
-6.257304185000732422e+09
-6.249906249086258888e+09
-6.241511321435369492e+09
-6.232115373077022552e+09
-6.221713868828962326e+09
-6.210301756139793396e+09
-6.197873452527565956e+09
-6.184422831540352821e+09
-6.169943207154167175e+09
-6.154427316512620926e+09
-6.137867300900556564e+09
-6.120254684830562592e+09
-6.101580353106501579e+09
-6.081834525711687088e+09
-6.061006730351055145e+09
-6.039085772456085205e+09
-6.016059702438205719e+09
-5.991915779950422287e+09
-5.966640434887584686e+09
-5.940219224822497368e+09
-5.912636788537302017e+09
-5.883876795266642570e+09
-5.853921889219947815e+09
-5.822753628894002914e+09
-5.790352420622319221e+09
-5.756697445733434677e+09
-5.721766580604245186e+09
-5.685536308794798851e+09
-5.647981624335103989e+09
-5.609075925099308014e+09
-5.568790895044359207e+09
-5.527096373904465675e+09
-5.483960212713570595e+09
-5.439348113268876076e+09
-5.393223449340527534e+09
-5.345547067065261841e+09
-5.296277061521815300e+09
-5.245368525956295967e+09
-5.192773269485423088e+09
-5.138439498327324867e+09
-5.082311454658898354e+09
-5.024329006030792236e+09
-4.964427176827788353e+09
-4.902535611467694283e+09
-4.838577956785459518e+09
-4.772471148217663765e+09
-4.704124580806565285e+09
-4.633439141439723969e+09
-4.560306072798345566e+09
-4.484605631744657516e+09
-4.406205494691431999e+09
-4.324958848951128960e+09
-4.240702090844274998e+09
-4.153252026540164948e+09
-4.062402437367278576e+09
-3.967919823382759571e+09
-3.869538070746785641e+09
-3.766951689579027176e+09
-3.659807122893836498e+09
-3.547691406597432137e+09
-3.430117119079859257e+09
-3.306502015614508152e+09
-3.176140850532219410e+09
-3.038165370758294582e+09
-2.891485765524168491e+09
-2.734701819007244110e+09
-2.565962030122972488e+09
-2.382727688109304905e+09
-2.181349198507948875e+09
-1.956231175111589193e+09
-1.697957446352617502e+09
-1.388143207046290159e+09
-9.790233048359307051e+08
