-6.254784409049395561e+09
-6.176244592709650993e+09
-6.097704776369906425e+09
-6.019164960030161858e+09
-5.940625143690416336e+09
-5.862085327350671768e+09
-5.783545511010927200e+09
-5.705005694671182632e+09
-5.626465878331437111e+09
-5.547926061991692543e+09
-5.469386245651947975e+09
-5.390846429312203407e+09
-5.312306612972457886e+09
-5.233766796632713318e+09
-5.155226980292968750e+09
-5.076687163953223228e+09
-4.998147347613478661e+09
-4.919607531273734093e+09
-4.841067714933989525e+09
-4.762527898594244003e+09
-4.683988082254499435e+09
-4.605448265914754868e+09
-4.526908449575010300e+09
-4.448368633235264778e+09
-4.369828816895520210e+09
-4.291289000555775642e+09
-4.212749184216031075e+09
-4.134209367876285553e+09
-4.055669551536540985e+09
-3.977129735196796417e+09
-3.898589918857050896e+09
-3.820050102517306328e+09
-3.741510286177561760e+09
-3.662970469837817192e+09
-3.584430653498071671e+09
-3.505890837158327103e+09
-3.427351020818582535e+09
-3.348811204478837967e+09
-3.270271388139092445e+09
-3.191731571799347878e+09
-3.113191755459603310e+09
-3.034651939119858742e+09
-2.956112122780113220e+09
-2.877572306440368652e+09
-2.799032490100624084e+09
-2.720492673760878563e+09
-2.641952857421133995e+09
-2.563413041081389427e+09
-2.484873224741644859e+09
-2.406333408401899338e+09
-2.327793592062154770e+09
-2.249253775722410202e+09
-2.170713959382665634e+09
-2.092174143042920589e+09
-2.013634326703175545e+09
-1.935094510363430977e+09
-1.856554694023685932e+09
-1.778014877683941364e+09
-1.699475061344196320e+09
-1.620935245004451752e+09
-1.542395428664706707e+09
-1.463855612324961662e+09
-1.385315795985217094e+09
-1.306775979645472050e+09
-1.228236163305727482e+09
-1.149696346965982437e+09
-1.071156530626237869e+09
-9.926167142864928246e+08
-9.140768979467482567e+08
-8.355370816070032120e+08
-7.569972652672586441e+08
-6.784574489275135994e+08
-5.999176325877690315e+08
-5.213778162480239868e+08
-4.428379999082794189e+08
-3.642981835685343742e+08
-2.857583672287893295e+08
-2.072185508890447617e+08
-1.286787345492997169e+08
-5.013891820955514908e+07
2.840089813018965721e+07
1.069407144699344635e+08
1.854805308096792698e+08
2.640203471494240761e+08
3.425601634891691208e+08
4.210999798289139271e+08
4.996397961686587334e+08
5.781796125084035397e+08
6.567194288481483459e+08
7.352592451878931522e+08
8.137990615276379585e+08
8.923388778673827648e+08
9.708786942071275711e+08
1.049418510546872377e+09
1.127958326886617184e+09
1.206498143226361990e+09
1.285037959566106796e+09
1.363577775905851841e+09
1.442117592245596409e+09
1.520657408585341454e+09
1.599197224925086021e+09
1.677737041264831066e+09
1.756276857604575872e+09
1.834816673944320679e+09
1.913356490284065485e+09
1.991896306623810291e+09
2.070436122963555098e+09
2.148975939303299904e+09
2.227515755643044949e+09
2.306055571982789516e+09
2.384595388322534561e+09
2.463135204662279129e+09
2.541675021002024174e+09
2.620214837341768742e+09
2.698754653681513786e+09
2.777294470021258354e+09
2.855834286361003399e+09
2.934374102700747967e+09
3.012913919040493011e+09
3.091453735380237579e+09
3.169993551719982624e+09
3.248533368059727669e+09
3.327073184399472237e+09
3.405613000739216805e+09
3.484152817078961849e+09
3.562692633418706894e+09
3.641232449758451462e+09
3.719772266098196030e+09
3.798312082437941074e+09
3.876851898777686119e+09
3.955391715117430687e+09
4.033931531457175732e+09
4.112471347796920776e+09
4.191011164136665344e+09
4.269550980476409912e+09
4.348090796816154480e+09
4.426630613155899048e+09
4.505170429495644569e+09
4.583710245835389137e+09
4.662250062175134659e+09
4.740789878514879227e+09
4.819329694854623795e+09
4.897869511194368362e+09
4.976409327534112930e+09
5.054949143873858452e+09
5.133488960213603020e+09
5.212028776553348541e+09
5.290568592893093109e+09
5.369108409232837677e+09
5.447648225572582245e+09
5.526188041912326813e+09
5.604727858252071381e+09
5.683267674591816902e+09
5.761807490931561470e+09
5.840347307271306992e+09
5.918887123611051559e+09
5.997426939950796127e+09
6.075966756290540695e+09
6.154506572630285263e+09
6.233046388970030785e+09
