-4.023980350348945260e+08
-1.067900098116198063e+09
-1.451399343741019011e+09
-1.749392032954815388e+09
-2.000461924011139154e+09
-2.220582429987578869e+09
-2.418219953151361942e+09
-2.598509601630876541e+09
-2.764847111906002522e+09
-2.919618117007892132e+09
-3.064575556354434967e+09
-3.201052909051665783e+09
-3.330092957710008621e+09
-3.452529722092206955e+09
-3.569042848071319103e+09
-3.680194996913427353e+09
-3.786458315331470490e+09
-3.888233651245471478e+09
-3.985864808810151577e+09
-4.079649325131183624e+09
-4.169846754075512886e+09
-4.256685128524718761e+09
-4.340366068528270721e+09
-4.421068867226367950e+09
-4.498953794293019295e+09
-4.574164792845521927e+09
-4.646831700796806335e+09
-4.717072095426502228e+09
-4.784992836553806305e+09
-4.850691366474449158e+09
-4.914256811991709709e+09
-4.975770924200862885e+09
-5.035308884322504044e+09
-5.092939998218142509e+09
-5.148728297828689575e+09
-5.202733064339574814e+09
-5.255009285166035652e+09
-5.305608054699185371e+09
-5.354576927031222343e+09
-5.401960227491500854e+09
-5.447799328701780319e+09
-5.492132895943592072e+09
-5.534997105880595207e+09
-5.576425842061024666e+09
-5.616450870113982201e+09
-5.655101995128012657e+09
-5.692407203345189095e+09
-5.728392790005780220e+09
-5.763083474927536011e+09
-5.796502507191222191e+09
-5.828671760123745918e+09
-5.859611817616641998e+09
-5.889342052686345100e+09
-5.917880699070034981e+09
-5.945244916553910255e+09
-5.971450850647037506e+09
-5.996513687141469002e+09
-6.020447702036399841e+09
-6.043266307249283791e+09
-6.064982092488984108e+09
-6.085606863624067307e+09
-6.105151677842516899e+09
-6.123626875866694450e+09
-6.141042111458697319e+09
-6.157406378425900459e+09
-6.172728035313839912e+09
-6.187014827953590393e+09
-6.200273910012715340e+09
-6.212511861682822227e+09
-6.223734706622207642e+09
-6.233947927258977890e+09
-6.243156478548157692e+09
-6.251364800265442848e+09
-6.258576827910350800e+09
-6.264796002282407761e+09
-6.270025277785530090e+09
-6.274267129507957458e+09
-6.277523559117654800e+09
-6.279796099606178284e+09
-6.281085818907381058e+09
-6.281393322410919189e+09
-6.280718754384420395e+09
-6.279061798312111855e+09
-6.276421676151747704e+09
-6.272797146505786896e+09
-6.268186501696754456e+09
-6.262587563730690002e+09
-6.255997679126315117e+09
-6.248413712581139565e+09
-6.239832039438948631e+09
-6.230248536916026115e+09
-6.219658574035906792e+09
-6.208057000214406967e+09
-6.195438132427962303e+09
-6.181795740888926506e+09
-6.167123033141233444e+09
-6.151412636478584290e+09
-6.134656578575064659e+09
-6.116846266204414368e+09
-6.097972461909129143e+09
-6.078025258463798523e+09
-6.056994050958312988e+09
-6.034867506305627823e+09
-6.011633529955169678e+09
-5.987279229566434860e+09
-5.961790875367289543e+09
-5.935153856887480736e+09
-5.907352635719205856e+09
-5.878370693912522316e+09
-5.848190477563052177e+09
-5.816793335091713905e+09
-5.784159449649900436e+09
-5.750267765007098198e+09
-5.715095904189523697e+09
-5.678620080035874367e+09
-5.640814996717057228e+09
-5.601653741127533913e+09
-5.561107662892958641e+09
-5.519146241547157288e+09
-5.475736939205541611e+09
-5.430845036794428825e+09
-5.384433451577604294e+09
-5.336462533341708183e+09
-5.286889836146608353e+09
-5.235669861998507500e+09
-5.182753772139600754e+09
-5.128089060840664864e+09
-5.071619185595342636e+09
-5.013283146400417328e+09
-4.953015005303822517e+09
-4.890743335531502724e+09
-4.826390587159873009e+09
-4.759872353341388702e+09
-4.691096517327328682e+09
-4.619962255706871986e+09
-4.546358867041877747e+09
-4.470164386932892799e+09
-4.391243939816435814e+09
-4.309447763489500999e+09
-4.224608823076214314e+09
-4.136539904833599567e+09
-4.045030043775543213e+09
-3.949840087941715717e+09
-3.850697129102040291e+09
-3.747287423502048492e+09
-3.639247268749017239e+09
-3.526151064029500961e+09
-3.407495409257980347e+09
-3.282677504168005943e+09
-3.150965125660041809e+09
-3.011453775899532318e+09
-2.863003573195804119e+09
-2.704142760725286484e+09
-2.532913278249502659e+09
-2.346609101316394329e+09
-2.141299107581162691e+09
-1.910866938427023172e+09
-1.644787536163163185e+09
-1.321704436082641840e+09
-8.809893234892426729e+08
