-6.255213075386758804e+09
-6.150493320267099380e+09
-6.045773565147439957e+09
-5.941053810027780533e+09
-5.836334054908121109e+09
-5.731614299788459778e+09
-5.626894544668800354e+09
-5.522174789549140930e+09
-5.417455034429481506e+09
-5.312735279309822083e+09
-5.208015524190162659e+09
-5.103295769070501328e+09
-4.998576013950841904e+09
-4.893856258831182480e+09
-4.789136503711523056e+09
-4.684416748591863632e+09
-4.579696993472203255e+09
-4.474977238352543831e+09
-4.370257483232883453e+09
-4.265537728113224030e+09
-4.160817972993564606e+09
-4.056098217873904228e+09
-3.951378462754244804e+09
-3.846658707634585381e+09
-3.741938952514925003e+09
-3.637219197395265579e+09
-3.532499442275606155e+09
-3.427779687155945778e+09
-3.323059932036286354e+09
-3.218340176916626930e+09
-3.113620421796966553e+09
-3.008900666677307129e+09
-2.904180911557647705e+09
-2.799461156437987328e+09
-2.694741401318327904e+09
-2.590021646198668480e+09
-2.485301891079008102e+09
-2.380582135959348679e+09
-2.275862380839689255e+09
-2.171142625720028877e+09
-2.066422870600369453e+09
-1.961703115480710030e+09
-1.856983360361049652e+09
-1.752263605241390228e+09
-1.647543850121730804e+09
-1.542824095002070427e+09
-1.438104339882411003e+09
-1.333384584762750626e+09
-1.228664829643091202e+09
-1.123945074523431778e+09
-1.019225319403771400e+09
-9.145055642841119766e+08
-8.097858091644525528e+08
-7.050660540447921753e+08
-6.003462989251327515e+08
-4.956265438054733276e+08
-3.909067886858134270e+08
-2.861870335661535263e+08
-1.814672784464936256e+08
-7.674752332683420181e+07
2.797223179282569885e+07
1.326919869124855995e+08
2.374117420321450233e+08
3.421314971518049240e+08
4.468512522714648247e+08
5.515710073911242485e+08
6.562907625107841492e+08
7.610105176304440498e+08
8.657302727501034737e+08
9.704500278697633743e+08
1.075169782989423275e+09
1.179889538109083176e+09
1.284609293228742599e+09
1.389329048348402500e+09
1.494048803468062401e+09
1.598768558587721825e+09
1.703488313707381725e+09
1.808208068827041388e+09
1.912927823946701288e+09
2.017647579066360950e+09
2.122367334186020613e+09
2.227087089305680275e+09
2.331806844425340176e+09
2.436526599545000076e+09
2.541246354664659500e+09
2.645966109784319401e+09
2.750685864903979301e+09
2.855405620023638725e+09
2.960125375143298626e+09
3.064845130262958527e+09
3.169564885382617950e+09
3.274284640502277851e+09
3.379004395621937752e+09
3.483724150741597652e+09
3.588443905861257076e+09
3.693163660980916977e+09
3.797883416100576878e+09
3.902603171220236301e+09
4.007322926339896202e+09
4.112042681459556103e+09
4.216762436579216003e+09
4.321482191698875427e+09
4.426201946818534851e+09
4.530921701938195229e+09
4.635641457057854652e+09
4.740361212177515030e+09
4.845080967297174454e+09
4.949800722416833878e+09
5.054520477536493301e+09
5.159240232656153679e+09
5.263959987775813103e+09
5.368679742895473480e+09
5.473399498015132904e+09
5.578119253134792328e+09
5.682839008254451752e+09
5.787558763374112129e+09
5.892278518493771553e+09
5.996998273613431931e+09
6.101718028733091354e+09
6.206437783852750778e+09
