-5.730853984246208668e+08
-1.275754447269052982e+09
-1.704329631069468260e+09
-2.039607099107906818e+09
-2.322352749238733768e+09
-2.569964009638544083e+09
-2.791805021048832417e+09
-2.993610376459314346e+09
-3.179197767096542835e+09
-3.351262649264268398e+09
-3.511793244507888317e+09
-3.662306620937697887e+09
-3.803992024851299763e+09
-3.937802484924280643e+09
-4.064515843393250465e+09
-4.184776842065656662e+09
-4.299126997468049049e+09
-4.408026339372714996e+09
-4.511869570657374382e+09
-4.610998306486313820e+09
-4.705710497681588173e+09
-4.796267792704772949e+09
-4.882901364604744911e+09
-4.965816577296829224e+09
-5.045196762072663307e+09
-5.121206303448077202e+09
-5.193993182773684502e+09
-5.263691091686333656e+09
-5.330421201037678719e+09
-5.394293651445129395e+09
-5.455408817068236351e+09
-5.513858383241796494e+09
-5.569726270232781410e+09
-5.623089428950233459e+09
-5.674018529437308311e+09
-5.722578559058784485e+09
-5.768829344206334114e+09
-5.812826006885825157e+09
-5.854619365582674980e+09
-5.894256288214698792e+09
-5.931780003695072174e+09
-5.967230377578047752e+09
-6.000644156398474693e+09
-6.032055184605278969e+09
-6.061494597399476051e+09
-6.088990992295687675e+09
-6.114570581814258575e+09
-6.138257329364258766e+09
-6.160073070084078789e+09
-6.180037618156663895e+09
-6.198168861902946472e+09
-6.214482847773447990e+09
-6.228993854199316025e+09
-6.241714456125871658e+09
-6.252655580930703163e+09
-6.261826556321439743e+09
-6.269235150713069916e+09
-6.274887606499066353e+09
-6.278788666552665710e+09
-6.280941594222969055e+09
-6.281348187023667336e+09
-6.280008784148808479e+09
-6.276922267889115334e+09
-6.272086058962651253e+09
-6.265496105714247704e+09
-6.257146867077878952e+09
-6.247031289134062767e+09
-6.235140775029287338e+09
-6.221465147955183029e+09
-6.205992606810336113e+09
-6.188709674085823059e+09
-6.169601135425021172e+09
-6.148649970207063675e+09
-6.125837272389163017e+09
-6.101142160713240623e+09
-6.074541677233626366e+09
-6.046010672951161385e+09
-6.015521679140202522e+09
-5.983044762723032951e+09
-5.948547363774169922e+09
-5.911994112916309357e+09
-5.873346625989728928e+09
-5.832563272924530983e+09
-5.789598917203734398e+09
-5.744404621654063225e+09
-5.696927315514022827e+09
-5.647109416771948814e+09
-5.594888402596998215e+09
-5.540196319248057365e+09
-5.482959221066704750e+09
-5.423096525945896149e+09
-5.360520271890392303e+09
-5.295134255780923843e+09
-5.226833030996562004e+09
-5.155500734833056450e+09
-5.081009709259273529e+09
-5.003218868896821022e+09
-4.921971757371097565e+09
-4.837094216201254845e+09
-4.748391567492289543e+09
-4.655645180405342102e+09
-4.558608248051861763e+09
-4.457000540538085938e+09
-4.350501812812226295e+09
-4.238743419220312595e+09
-4.121297498417202950e+09
-3.997662806279645920e+09
-3.867245828847549438e+09
-3.729335092820332050e+09
-3.583065407457565784e+09
-3.427366735479621887e+09
-3.260888730177828312e+09
-3.081885044498686314e+09
-2.888027543183050156e+09
-2.676090114072868347e+09
-2.441368684338459015e+09
-2.176504388434312344e+09
-1.868723949291198254e+09
-1.491695206873888016e+09
-9.675988463934483528e+08
