-6.279976147622236252e+09
-6.201436331282491684e+09
-6.122896514942747116e+09
-6.044356698603002548e+09
-5.965816882263256073e+09
-5.887277065923511505e+09
-5.808737249583766937e+09
-5.730197433244022369e+09
-5.651657616904277802e+09
-5.573117800564533234e+09
-5.494577984224788666e+09
-5.416038167885044098e+09
-5.337498351545297623e+09
-5.258958535205553055e+09
-5.180418718865808487e+09
-5.101878902526063919e+09
-5.023339086186319351e+09
-4.944799269846574783e+09
-4.866259453506830215e+09
-4.787719637167083740e+09
-4.709179820827339172e+09
-4.630640004487594604e+09
-4.552100188147850037e+09
-4.473560371808105469e+09
-4.395020555468360901e+09
-4.316480739128616333e+09
-4.237940922788871765e+09
-4.159401106449125290e+09
-4.080861290109380722e+09
-4.002321473769636154e+09
-3.923781657429891586e+09
-3.845241841090147018e+09
-3.766702024750402451e+09
-3.688162208410657883e+09
-3.609622392070912361e+09
-3.531082575731167793e+09
-3.452542759391422272e+09
-3.374002943051677704e+09
-3.295463126711933136e+09
-3.216923310372188568e+09
-3.138383494032443047e+09
-3.059843677692698479e+09
-2.981303861352953911e+09
-2.902764045013209343e+09
-2.824224228673463821e+09
-2.745684412333719254e+09
-2.667144595993974686e+09
-2.588604779654230118e+09
-2.510064963314484596e+09
-2.431525146974740028e+09
-2.352985330634995461e+09
-2.274445514295249939e+09
-2.195905697955505371e+09
-2.117365881615760803e+09
-2.038826065276016235e+09
-1.960286248936270714e+09
-1.881746432596526146e+09
-1.803206616256781578e+09
-1.724666799917037010e+09
-1.646126983577291489e+09
-1.567587167237546921e+09
-1.489047350897802353e+09
-1.410507534558057785e+09
-1.331967718218312263e+09
-1.253427901878567696e+09
-1.174888085538823128e+09
-1.096348269199077606e+09
-1.017808452859333038e+09
-9.392686365195884705e+08
-8.607288201798439026e+08
-7.821890038400983810e+08
-7.036491875003538132e+08
-6.251093711606092453e+08
-5.465695548208646774e+08
-4.680297384811191559e+08
-3.894899221413745880e+08
-3.109501058016300201e+08
-2.324102894618854523e+08
-1.538704731221399307e+08
-7.533065678239536285e+07
3.209159557349205017e+06
8.174897589709472656e+07
1.602887922368392944e+08
2.388286085765838623e+08
3.173684249163284302e+08
3.959082412560739517e+08
4.744480575958185196e+08
5.529878739355630875e+08
6.315276902753076553e+08
7.100675066150527000e+08
7.886073229547977448e+08
8.671471392945423126e+08
9.456869556342873573e+08
1.024226771974031925e+09
1.102766588313776970e+09
1.181306404653521538e+09
1.259846220993266582e+09
1.338386037333011627e+09
1.416925853672756195e+09
1.495465670012501240e+09
1.574005486352245808e+09
1.652545302691990852e+09
1.731085119031735420e+09
1.809624935371480465e+09
1.888164751711225033e+09
1.966704568050970078e+09
2.045244384390714645e+09
2.123784200730459690e+09
2.202324017070204258e+09
2.280863833409949303e+09
2.359403649749693871e+09
2.437943466089438915e+09
2.516483282429183960e+09
2.595023098768928528e+09
2.673562915108673573e+09
2.752102731448418140e+09
2.830642547788163185e+09
2.909182364127907753e+09
2.987722180467652321e+09
3.066261996807397366e+09
3.144801813147142410e+09
3.223341629486886978e+09
3.301881445826632023e+09
3.380421262166377068e+09
3.458961078506121635e+09
3.537500894845866203e+09
3.616040711185611248e+09
3.694580527525356293e+09
3.773120343865100861e+09
3.851660160204845428e+09
3.930199976544590473e+09
4.008739792884335518e+09
4.087279609224080086e+09
4.165819425563825130e+09
4.244359241903569698e+09
4.322899058243314743e+09
4.401438874583059311e+09
4.479978690922803879e+09
4.558518507262549400e+09
4.637058323602293968e+09
4.715598139942038536e+09
4.794137956281783104e+09
4.872677772621528625e+09
4.951217588961273193e+09
5.029757405301017761e+09
5.108297221640763283e+09
5.186837037980507851e+09
5.265376854320252419e+09
5.343916670659996986e+09
5.422456486999742508e+09
5.500996303339487076e+09
5.579536119679231644e+09
5.658075936018976212e+09
5.736615752358721733e+09
5.815155568698466301e+09
5.893695385038210869e+09
5.972235201377956390e+09
6.050775017717700958e+09
6.129314834057445526e+09
6.207854650397190094e+09
