-9.561276849307819605e+08
-1.372295823691476822e+09
-1.685192718964120865e+09
-1.945306188464154959e+09
-2.171686171665427208e+09
-2.374002629321915150e+09
-2.557971683649085522e+09
-2.727308706247305393e+09
-2.884591724749413490e+09
-3.031697387984473705e+09
-3.170042851544691563e+09
-3.300729813760279179e+09
-3.424635151481244087e+09
-3.542470540819584846e+09
-3.654823133735321045e+09
-3.762184171421940804e+09
-3.864969642184443474e+09
-3.963535533436724186e+09
-4.058189314105782509e+09
-4.149198728420685768e+09
-4.236798633547733784e+09
-4.321196388621406555e+09
-4.402576153950783730e+09
-4.481102358587236404e+09
-4.556922525063899994e+09
-4.630169591411533356e+09
-4.700963835803034782e+09
-4.769414484014002800e+09
-4.835621061416596413e+09
-4.899674537498141289e+09
-4.961658300578357697e+09
-5.021648992560833931e+09
-5.079717227540821075e+09
-5.135928213435367584e+09
-5.190342292165946960e+09
-5.243015411061666489e+09
-5.293999535881397247e+09
-5.343343014040312767e+09
-5.391090895168899536e+09
-5.437285214953436852e+09
-5.481965247247387886e+09
-5.525167728657983780e+09
-5.566927059166284561e+09
-5.607275481804917336e+09
-5.646243243973995209e+09
-5.683858742605418205e+09
-5.720148655075387001e+09
-5.755138057503754616e+09
-5.788850531858122826e+09
-5.821308263093330383e+09
-5.852532127397674561e+09
-5.882541772480994225e+09
-5.911355690723099709e+09
-5.938991285900623322e+09
-5.965464934123856544e+09
-5.990792039540163994e+09
-6.014987085295601845e+09
-6.038063680189751625e+09
-6.060034601409381866e+09
-6.080911833683330536e+09
-6.100706605163012505e+09
-6.119429420299566269e+09
-6.137090089959149361e+09
-6.153697758991771698e+09
-6.169260931445884705e+09
-6.183787493600291252e+09
-6.197284734966503143e+09
-6.209759367398139954e+09
-6.221217542429109573e+09
-6.231664866948885918e+09
-6.241106417311043739e+09
-6.249546751960157394e+09
-6.256989922652029991e+09
-6.263439484332948685e+09
-6.268898503735052109e+09
-6.273369566736905098e+09
-6.276854784530914307e+09
-6.279355798632143974e+09
-6.280873784756404877e+09
-6.281409455589089394e+09
-6.280963062459961891e+09
-6.279534395933146477e+09
-6.277122785315509796e+09
-6.273727097080766678e+09
-6.269345732200643539e+09
-6.263976622368415833e+09
-6.257617225093930244e+09
-6.250264517642843246e+09
-6.241914989786118507e+09
-6.232564635318818092e+09
-6.222208942299798965e+09
-6.210842881955959320e+09
-6.198460896186170578e+09
-6.185056883590785980e+09
-6.170624183942586899e+09
-6.155155561004051208e+09
-6.138643183583788872e+09
-6.121078604711669922e+09
-6.102452738797479630e+09
-6.082755836621538162e+09
-6.061977457987497330e+09
-6.040106441847061157e+09
-6.017130873683471680e+09
-5.993038049914743423e+09
-5.967814439048488617e+09
-5.941445639287124634e+09
-5.913916332244732857e+09
-5.885210232394135475e+09
-5.855310031813935280e+09
-5.824197339749385834e+09
-5.791852616436762810e+09
-5.758255100566973686e+09
-5.723382729678699493e+09
-5.687212052672369957e+09
-5.649718133521173477e+09
-5.610874445121073723e+09
-5.570652752064707756e+09
-5.529022980939591408e+09
-5.485953076533628464e+09
-5.441408842073721886e+09
-5.395353761317789078e+09
-5.347748799956164360e+09
-5.298552183341956139e+09
-5.247719147044900894e+09
-5.195201656088447571e+09
-5.140948087958609581e+09
-5.084902873531120300e+09
-5.027006088906541824e+09
-4.967192989713656425e+09
-4.905393477664781570e+09
-4.841531486923378944e+09
-4.775524275042840958e+09
-4.707281599678848267e+09
-4.636704757726686478e+09
-4.563685457661839485e+09
-4.488104488213444710e+09
-4.409830136441518784e+09
-4.328716294920771599e+09
-4.244600179764406204e+09
-4.157299556767361164e+09
-4.066609339220919609e+09
-3.972297373747105122e+09
-3.874099163368965626e+09
-3.771711179856265068e+09
-3.664782273940431118e+09
-3.552902475585545063e+09
-3.435588141956835270e+09
-3.312261879107023716e+09
-3.182224791700832367e+09
-3.044617133326265335e+09
-2.898360803397488594e+09
-2.742072245455371380e+09
-2.573924638838718891e+09
-2.391417756905727386e+09
-2.190966162259395599e+09
-1.967091648801840544e+09
-1.710622512392744303e+09
-1.403806325503062487e+09
-1.001388043486942649e+09
-1.501559930653349757e+08
