-6.207854650397190094e+09
-6.103134895277530670e+09
-5.998415140157871246e+09
-5.893695385038210869e+09
-5.788975629918551445e+09
-5.684255874798891068e+09
-5.579536119679231644e+09
-5.474816364559572220e+09
-5.370096609439911842e+09
-5.265376854320252419e+09
-5.160657099200592995e+09
-5.055937344080932617e+09
-4.951217588961273193e+09
-4.846497833841613770e+09
-4.741778078721953392e+09
-4.637058323602293968e+09
-4.532338568482634544e+09
-4.427618813362974167e+09
-4.322899058243314743e+09
-4.218179303123654842e+09
-4.113459548003994942e+09
-4.008739792884335518e+09
-3.904020037764675617e+09
-3.799300282645015717e+09
-3.694580527525356293e+09
-3.589860772405696392e+09
-3.485141017286036491e+09
-3.380421262166377068e+09
-3.275701507046717167e+09
-3.170981751927057266e+09
-3.066261996807397842e+09
-2.961542241687737942e+09
-2.856822486568078041e+09
-2.752102731448418617e+09
-2.647382976328758717e+09
-2.542663221209098816e+09
-2.437943466089439392e+09
-2.333223710969779491e+09
-2.228503955850119591e+09
-2.123784200730459690e+09
-2.019064445610800266e+09
-1.914344690491140366e+09
-1.809624935371480465e+09
-1.704905180251821041e+09
-1.600185425132161140e+09
-1.495465670012501240e+09
-1.390745914892841816e+09
-1.286026159773181915e+09
-1.181306404653522015e+09
-1.076586649533862591e+09
-9.718668944142026901e+08
-8.671471392945427895e+08
-7.624273841748828888e+08
-6.577076290552234650e+08
-5.529878739355640411e+08
-4.482681188159036636e+08
-3.435483636962442398e+08
-2.388286085765848160e+08
-1.341088534569244385e+08
-2.938909833726501465e+07
7.533065678239440918e+07
1.800504119020547867e+08
2.847701670217142105e+08
3.894899221413745880e+08
4.942096772610340118e+08
5.989294323806934357e+08
7.036491875003538132e+08
8.083689426200132370e+08
9.130886977396726608e+08
1.017808452859333038e+09
1.122528207978992462e+09
1.227247963098651886e+09
1.331967718218312263e+09
1.436687473337971687e+09
1.541407228457631111e+09
1.646126983577291489e+09
1.750846738696950912e+09
1.855566493816610336e+09
1.960286248936270714e+09
2.065006004055930138e+09
2.169725759175589561e+09
2.274445514295249939e+09
2.379165269414909363e+09
2.483885024534568787e+09
2.588604779654229164e+09
2.693324534773888588e+09
2.798044289893548012e+09
2.902764045013208389e+09
3.007483800132867813e+09
3.112203555252527237e+09
3.216923310372187614e+09
3.321643065491847038e+09
3.426362820611507416e+09
3.531082575731166840e+09
3.635802330850826263e+09
3.740522085970485687e+09
3.845241841090145111e+09
3.949961596209806442e+09
4.054681351329465866e+09
4.159401106449125290e+09
4.264120861568784714e+09
4.368840616688444138e+09
4.473560371808103561e+09
4.578280126927764893e+09
4.682999882047424316e+09
4.787719637167083740e+09
4.892439392286743164e+09
4.997159147406402588e+09
5.101878902526062012e+09
5.206598657645723343e+09
5.311318412765382767e+09
5.416038167885042191e+09
5.520757923004701614e+09
5.625477678124361038e+09
5.730197433244022369e+09
5.834917188363681793e+09
5.939636943483341217e+09
6.044356698603000641e+09
6.149076453722660065e+09
6.253796208842319489e+09
