-6.238207939088261604e+09
-6.159668122748517036e+09
-6.081128306408772469e+09
-6.002588490069027901e+09
-5.924048673729281425e+09
-5.845508857389536858e+09
-5.766969041049792290e+09
-5.688429224710047722e+09
-5.609889408370303154e+09
-5.531349592030558586e+09
-5.452809775690814018e+09
-5.374269959351067543e+09
-5.295730143011322975e+09
-5.217190326671578407e+09
-5.138650510331833839e+09
-5.060110693992089272e+09
-4.981570877652344704e+09
-4.903031061312600136e+09
-4.824491244972855568e+09
-4.745951428633109093e+09
-4.667411612293364525e+09
-4.588871795953619957e+09
-4.510331979613875389e+09
-4.431792163274130821e+09
-4.353252346934386253e+09
-4.274712530594641685e+09
-4.196172714254896164e+09
-4.117632897915151596e+09
-4.039093081575406075e+09
-3.960553265235661507e+09
-3.882013448895916939e+09
-3.803473632556172371e+09
-3.724933816216426849e+09
-3.646393999876682281e+09
-3.567854183536937714e+09
-3.489314367197193146e+09
-3.410774550857447624e+09
-3.332234734517703056e+09
-3.253694918177958488e+09
-3.175155101838213921e+09
-3.096615285498468399e+09
-3.018075469158723831e+09
-2.939535652818979263e+09
-2.860995836479233742e+09
-2.782456020139489174e+09
-2.703916203799744606e+09
-2.625376387460000038e+09
-2.546836571120254517e+09
-2.468296754780509949e+09
-2.389756938440765381e+09
-2.311217122101020813e+09
-2.232677305761275291e+09
-2.154137489421530724e+09
-2.075597673081786156e+09
-1.997057856742041588e+09
-1.918518040402296066e+09
-1.839978224062551498e+09
-1.761438407722806931e+09
-1.682898591383061409e+09
-1.604358775043316841e+09
-1.525818958703572273e+09
-1.447279142363827705e+09
-1.368739326024082184e+09
-1.290199509684337616e+09
-1.211659693344593048e+09
-1.133119877004848480e+09
-1.054580060665102959e+09
-9.760402443253583908e+08
-8.975004279856138229e+08
-8.189606116458692551e+08
-7.404207953061237335e+08
-6.618809789663791656e+08
-5.833411626266345978e+08
-5.048013462868890762e+08
-4.262615299471445084e+08
-3.477217136073999405e+08
-2.691818972676553726e+08
-1.906420809279098511e+08
-1.121022645881652832e+08
-3.356244824842071533e+07
4.497736809132385254e+07
1.235171844310688972e+08
2.020570007708139420e+08
2.805968171105585098e+08
3.591366334503035545e+08
4.376764497900481224e+08
5.162162661297931671e+08
5.947560824695377350e+08
6.732958988092827797e+08
7.518357151490278244e+08
8.303755314887723923e+08
9.089153478285174370e+08
9.874551641682620049e+08
1.065994980508007050e+09
1.144534796847751617e+09
1.223074613187496662e+09
1.301614429527241230e+09
1.380154245866986275e+09
1.458694062206730843e+09
1.537233878546475887e+09
1.615773694886220455e+09
1.694313511225965500e+09
1.772853327565710068e+09
1.851393143905455112e+09
1.929932960245200157e+09
2.008472776584944725e+09
2.087012592924689770e+09
2.165552409264434338e+09
2.244092225604179382e+09
2.322632041943923950e+09
2.401171858283668518e+09
2.479711674623413563e+09
2.558251490963158607e+09
2.636791307302903175e+09
2.715331123642648220e+09
2.793870939982393265e+09
2.872410756322137833e+09
2.950950572661882401e+09
3.029490389001627445e+09
3.108030205341372490e+09
3.186570021681117058e+09
3.265109838020861626e+09
3.343649654360606670e+09
3.422189470700351715e+09
3.500729287040096283e+09
3.579269103379841328e+09
3.657808919719585896e+09
3.736348736059330940e+09
3.814888552399075508e+09
3.893428368738820553e+09
3.971968185078565121e+09
4.050508001418310165e+09
4.129047817758054733e+09
4.207587634097799778e+09
4.286127450437544346e+09
4.364667266777289391e+09
4.443207083117033958e+09
4.521746899456779480e+09
4.600286715796524048e+09
4.678826532136268616e+09
4.757366348476013184e+09
4.835906164815758705e+09
4.914445981155503273e+09
4.992985797495247841e+09
5.071525613834992409e+09
5.150065430174737930e+09
5.228605246514482498e+09
5.307145062854227066e+09
5.385684879193971634e+09
5.464224695533717155e+09
5.542764511873461723e+09
5.621304328213206291e+09
5.699844144552951813e+09
5.778383960892696381e+09
5.856923777232440948e+09
5.935463593572185516e+09
6.014003409911930084e+09
6.092543226251675606e+09
6.171083042591420174e+09
6.249622858931165695e+09
