-7.354449000932430029e+08
-1.230693345221600771e+09
-1.573529794243169069e+09
-1.850688766721137047e+09
-2.088483852861524820e+09
-2.299161519023282528e+09
-2.489615547017292976e+09
-2.664186639077980042e+09
-2.825819937333528519e+09
-2.976623789315732479e+09
-3.118169822589474201e+09
-3.251667248719286442e+09
-3.378070417380053520e+09
-3.498148451347010612e+09
-3.612532134811171532e+09
-3.721746533137886047e+09
-3.826234321536388397e+09
-3.926372868714943409e+09
-4.022487006760524273e+09
-4.114858749633130550e+09
-4.203734807740139961e+09
-4.289332481013610840e+09
-4.371844339183333397e+09
-4.451441981416693687e+09
-4.528279087720547676e+09
-4.602493918861178398e+09
-4.674211382096414566e+09
-4.743544751594934464e+09
-4.810597111663651466e+09
-4.875462575551997185e+09
-4.938227321111109734e+09
-4.998970475890704155e+09
-5.057764877609902382e+09
-5.114677730809665680e+09
-5.169771176502394676e+09
-5.223102788501125336e+09
-5.274726007633017540e+09
-5.324690523068050385e+09
-5.373042608410984039e+09
-5.419825418927046776e+09
-5.465079255234476089e+09
-5.508841797949849129e+09
-5.551148317076663971e+09
-5.592031859353580475e+09
-5.631523416302776337e+09
-5.669652075322272301e+09
-5.706445155834274292e+09
-5.741928332222668648e+09
-5.776125745057579994e+09
-5.809060101905573845e+09
-5.840752768854717255e+09
-5.871223853739146233e+09
-5.900492281924083710e+09
-5.928575865405996323e+09
-5.955491365890967369e+09
-5.981254552435292244e+09
-6.005880254163630486e+09
-6.029382408520454407e+09
-6.051774105458488464e+09
-6.073067627922356606e+09
-6.093274488945801735e+09
-6.112405465645713806e+09
-6.130470630365348816e+09
-6.147479379191708565e+09
-6.163440458047847748e+09
-6.178361986539271355e+09
-6.192251479714350700e+09
-6.205115867881458282e+09
-6.216961514610059738e+09
-6.227794233029026031e+09
-6.237619300522853851e+09
-6.246441471914988518e+09
-6.254264991216984749e+09
-6.261093602012664795e+09
-6.266930556537553787e+09
-6.271778623505688667e+09
-6.275640094728215218e+09
-6.278516790561004639e+09
-6.280410064211666107e+09
-6.281320804929847717e+09
-6.281249440098406792e+09
-6.280195936236957550e+09
-6.278159798923286438e+09
-6.275140071632218361e+09
-6.271135333485552788e+09
-6.266143695900705338e+09
-6.260162798119549751e+09
-6.253189801592660904e+09
-6.245221383187595367e+09
-6.236253727182957649e+09
-6.226282516002764702e+09
-6.215302919637846947e+09
-6.203309583692757607e+09
-6.190296615987695694e+09
-6.176257571635241508e+09
-6.161185436501098633e+09
-6.145072608946411133e+09
-6.127910879736446381e+09
-6.109691409986252785e+09
-6.090404706998209000e+09
-6.070040597828873634e+09
-6.048588200402976990e+09
-6.026035891970456123e+09
-6.002371274677771568e+09
-5.977581137996888161e+09
-5.951651417723834991e+09
-5.924567151223011017e+09
-5.896312428552780151e+09
-5.866870339061521530e+09
-5.836222912990247726e+09
-5.804351057557040215e+09
-5.771234486928539276e+09
-5.736851645402881622e+09
-5.701179623034940720e+09
-5.664194062826107979e+09
-5.625869058474332809e+09
-5.586177041532237053e+09
-5.545088656647744179e+09
-5.502572623357527733e+09
-5.458595582662508011e+09
-5.413121926328667641e+09
-5.366113606516018867e+09
-5.317529922931432724e+09
-5.267327284212043762e+09
-5.215458939655906677e+09
-5.161874676701037407e+09
-5.106520478681820869e+09
-5.049338136322899818e+09
-4.990264805113198280e+09
-4.929232499068870544e+09
-4.866167509354838371e+09
-4.800989733671925545e+09
-4.733611899072886467e+09
-4.663938656732553482e+09
-4.591865521874822617e+09
-4.517277625152105331e+09
-4.440048232724009514e+09
-4.360036980305325508e+09
-4.277087750425867558e+09
-4.191026100438253880e+09
-4.101656119028627396e+09
-4.008756547543629169e+09
-3.912075943879604816e+09
-3.811326582489057541e+09
-3.706176660737123966e+09
-3.596240197386163235e+09
-3.481063726578156948e+09
-3.360108446791409969e+09
-3.232725765418154240e+09
-3.098122975140985966e+09
-2.955313698796308994e+09
-2.803043906539540768e+09
-2.639676915871032238e+09
-2.463005540569287777e+09
-2.269925408480695724e+09
-2.055818431125699759e+09
-1.813251355423361063e+09
-1.528736252148093700e+09
-1.172114147093873262e+09
-6.311351784697328806e+08
