-3.833489390677625537e+08
-1.060957288197128177e+09
-1.446363481346049070e+09
-1.745269969793495178e+09
-1.996905157801221609e+09
-2.217421057341590881e+09
-2.415356097209956169e+09
-2.595880775693553448e+09
-2.762410527311257362e+09
-2.917342941048135757e+09
-3.062438692360281467e+09
-3.199036518664014816e+09
-3.328182919481022835e+09
-3.450714627117563725e+09
-3.567313320214475632e+09
-3.678543217885959148e+09
-3.784877683839807034e+09
-3.886718532631481647e+09
-3.984410347425589561e+09
-4.078251301224805832e+09
-4.168501472916877270e+09
-4.255389333301615238e+09
-4.339116871062911034e+09
-4.419863692242901802e+09
-4.497790334127409935e+09
-4.573040970298811913e+09
-4.645745638408510208e+09
-4.716022089860321999e+09
-4.783977337091802597e+09
-4.849708956841025352e+09
-4.913306194897566795e+09
-4.974850908125004768e+09
-5.034418372148284912e+09
-5.092077977415000916e+09
-5.147893831930116653e+09
-5.201925285514206886e+09
-5.254227387715403557e+09
-5.304851289344861031e+09
-5.353844595877590179e+09
-5.401251679569297791e+09
-5.447113956012970924e+09
-5.491470129940709114e+09
-5.534356414324020386e+09
-5.575806726206214905e+09
-5.615852862187731743e+09
-5.654524656058760643e+09
-5.691850120717287064e+09
-5.727855576211832047e+09
-5.762565765496408463e+09
-5.796003959272291183e+09
-5.828192051110496521e+09
-5.859150643894873619e+09
-5.888899128494092941e+09
-5.917455755457906723e+09
-5.944837700435896873e+09
-5.971061123933053970e+09
-5.996141225943898201e+09
-6.020092295943805695e+09
-6.042927758661241531e+09
-6.064660216006649971e+09
-6.085301485491717339e+09
-6.104862635435807228e+09
-6.123354017223844528e+09
-6.140785294851236343e+09
-6.157165471965945244e+09
-6.172502916595236778e+09
-6.186805383724496841e+09
-6.200080035877502441e+09
-6.212333461831372261e+09
-6.223571693584914207e+09
-6.233800221685939789e+09
-6.243024009011223793e+09
-6.251247503081933975e+09
-6.258474646987419128e+09
-6.264708888981124878e+09
-6.269953190803945541e+09
-6.274210034782441139e+09
-6.277481429741979599e+09
-6.279768915767903328e+09
-6.281073567841154099e+09
-6.281395998368472099e+09
-6.280736358621076584e+09
-6.279094339089728355e+09
-6.276469168758119583e+09
-6.272859613290612221e+09
-6.268263972124361992e+09
-6.262680074449816704e+09
-6.256105274057325363e+09
-6.248536443021168709e+09
-6.239969964185567856e+09
-6.230401722410126686e+09
-6.219827094524633408e+09
-6.208240937935081482e+09
-6.195637577814086914e+09
-6.182010792799508095e+09
-6.167353799114805222e+09
-6.151659233013535500e+09
-6.134919131438016891e+09
-6.117124910768647194e+09
-6.098267343525299072e+09
-6.078336532865428925e+09
-6.057321884704872131e+09
-6.035212077266322136e+09
-6.011995027836983681e+09
-5.987657856490346909e+09
-5.962186846497113228e+09
-5.935567401116293907e+09
-5.907783996418989182e+09
-5.878820129753320694e+09
-5.848658263408797264e+09
-5.817279762980787277e+09
-5.784664829869596481e+09
-5.750792427272377968e+09
-5.715640198937913895e+09
-5.679184379852039337e+09
-5.641399697902497292e+09
-5.602259265433189392e+09
-5.561734459435139656e+09
-5.519794788930398941e+09
-5.476407747879693031e+09
-5.431538651677710533e+09
-5.385150454982640266e+09
-5.337203548247827530e+09
-5.287655529869291306e+09
-5.236460950315970421e+09
-5.183571023947623253e+09
-5.128933303420256615e+09
-5.072491310594437599e+09
-5.014184116651219368e+09
-4.953945862622773170e+09
-4.891705209680552483e+09
-4.827384706187509537e+09
-4.760900055572360992e+09
-4.692159265334393501e+09
-4.621061652680746078e+09
-4.547496676083257675e+09
-4.471342553931500435e+09
-4.392464620769039154e+09
-4.310713357359240532e+09
-4.225922011635056973e+09
-4.137903701395990372e+09
-4.046447853380816936e+09
-3.951315782461894035e+09
-3.852235142074444771e+09
-3.748892871426551342e+09
-3.640926108496430397e+09
-3.527910300465097904e+09
-3.409343374203185081e+09
-3.284624239211725712e+09
-3.153022920454259396e+09
-3.013637946983884335e+09
-2.865333629543201447e+09
-2.706644220465596676e+09
-2.535620645575174809e+09
-2.349571061886180878e+09
-2.144588372144517422e+09
-1.914601105066179752e+09
-1.649181157909112215e+09
-1.327238707310363770e+09
-8.893760033090438843e+08
