-6.216909664390808105e+09
-6.138369848051061630e+09
-6.059830031711317062e+09
-5.981290215371572495e+09
-5.902750399031827927e+09
-5.824210582692083359e+09
-5.745670766352338791e+09
-5.667130950012594223e+09
-5.588591133672847748e+09
-5.510051317333103180e+09
-5.431511500993358612e+09
-5.352971684653614044e+09
-5.274431868313869476e+09
-5.195892051974124908e+09
-5.117352235634380341e+09
-5.038812419294635773e+09
-4.960272602954889297e+09
-4.881732786615144730e+09
-4.803192970275400162e+09
-4.724653153935655594e+09
-4.646113337595911026e+09
-4.567573521256166458e+09
-4.489033704916421890e+09
-4.410493888576675415e+09
-4.331954072236930847e+09
-4.253414255897186279e+09
-4.174874439557441711e+09
-4.096334623217697144e+09
-4.017794806877952576e+09
-3.939254990538208008e+09
-3.860715174198463440e+09
-3.782175357858716965e+09
-3.703635541518972397e+09
-3.625095725179227829e+09
-3.546555908839483261e+09
-3.468016092499738693e+09
-3.389476276159994125e+09
-3.310936459820249557e+09
-3.232396643480504036e+09
-3.153856827140759468e+09
-3.075317010801013947e+09
-2.996777194461269379e+09
-2.918237378121524811e+09
-2.839697561781780243e+09
-2.761157745442034721e+09
-2.682617929102290154e+09
-2.604078112762545586e+09
-2.525538296422801018e+09
-2.446998480083055496e+09
-2.368458663743310928e+09
-2.289918847403566360e+09
-2.211379031063821793e+09
-2.132839214724076271e+09
-2.054299398384331703e+09
-1.975759582044587135e+09
-1.897219765704841614e+09
-1.818679949365097046e+09
-1.740140133025352478e+09
-1.661600316685607910e+09
-1.583060500345862389e+09
-1.504520684006117821e+09
-1.425980867666373253e+09
-1.347441051326628685e+09
-1.268901234986883163e+09
-1.190361418647138596e+09
-1.111821602307394028e+09
-1.033281785967649460e+09
-9.547419696279039383e+08
-8.762021532881593704e+08
-7.976623369484148026e+08
-7.191225206086692810e+08
-6.405827042689247131e+08
-5.620428879291801453e+08
-4.835030715894355774e+08
-4.049632552496900558e+08
-3.264234389099454880e+08
-2.478836225702009201e+08
-1.693438062304563522e+08
-9.080398989071083069e+07
-1.226417355096626282e+07
6.627564278877830505e+07
1.448154591285228729e+08
2.233552754682683945e+08
3.018950918080129623e+08
3.804349081477575302e+08
4.589747244875030518e+08
5.375145408272476196e+08
6.160543571669921875e+08
6.945941735067367554e+08
7.731339898464822769e+08
8.516738061862268448e+08
9.302136225259714127e+08
1.008753438865715981e+09
1.087293255205461025e+09
1.165833071545206070e+09
1.244372887884950638e+09
1.322912704224695683e+09
1.401452520564440250e+09
1.479992336904185295e+09
1.558532153243929863e+09
1.637071969583674908e+09
1.715611785923419952e+09
1.794151602263164520e+09
1.872691418602909565e+09
1.951231234942654133e+09
2.029771051282399178e+09
2.108310867622143745e+09
2.186850683961888790e+09
2.265390500301633358e+09
2.343930316641378403e+09
2.422470132981122971e+09
2.501009949320868015e+09
2.579549765660612583e+09
2.658089582000357628e+09
2.736629398340102196e+09
2.815169214679847240e+09
2.893709031019592285e+09
2.972248847359336853e+09
3.050788663699081898e+09
3.129328480038826466e+09
3.207868296378571510e+09
3.286408112718316078e+09
3.364947929058060646e+09
3.443487745397805691e+09
3.522027561737550735e+09
3.600567378077295303e+09
3.679107194417040348e+09
3.757647010756785393e+09
3.836186827096529961e+09
3.914726643436274529e+09
3.993266459776019573e+09
4.071806276115764618e+09
4.150346092455509186e+09
4.228885908795253754e+09
4.307425725134998322e+09
4.385965541474743843e+09
4.464505357814488411e+09
4.543045174154232979e+09
4.621584990493978500e+09
4.700124806833723068e+09
4.778664623173467636e+09
4.857204439513212204e+09
4.935744255852957726e+09
5.014284072192702293e+09
5.092823888532446861e+09
5.171363704872191429e+09
5.249903521211936951e+09
5.328443337551681519e+09
5.406983153891426086e+09
5.485522970231171608e+09
5.564062786570916176e+09
5.642602602910660744e+09
5.721142419250405312e+09
5.799682235590150833e+09
5.878222051929895401e+09
5.956761868269639969e+09
6.035301684609384537e+09
6.113841500949130058e+09
6.192381317288874626e+09
6.270921133628619194e+09
