-8.978595197363255024e+08
-1.332866497783842325e+09
-1.653655792221160650e+09
-1.918406852541260481e+09
-2.147942089327962875e+09
-2.352591885736776352e+09
-2.538382346507536411e+09
-2.709196243867602825e+09
-2.867711044197133541e+09
-3.015866703409272194e+09
-3.155122867172347069e+09
-3.286610965063194752e+09
-3.411229391127491951e+09
-3.529705834288332462e+09
-3.642639645754817963e+09
-3.750531548399388790e+09
-3.853805028378071308e+09
-3.952822092184735775e+09
-4.047895105196521282e+09
-4.139295841973951340e+09
-4.227262512145461559e+09
-4.312005289919820786e+09
-4.393710719710768700e+09
-4.472545265417083740e+09
-4.548658198678688049e+09
-4.622183970820240021e+09
-4.693244177145155907e+09
-4.761949196180583954e+09
-4.828399567372353554e+09
-4.892687156552807808e+09
-4.954896147861295700e+09
-5.015103892720793724e+09
-5.073381640284362793e+09
-5.129795168977437973e+09
-5.184405335026643753e+09
-5.237268550928033829e+09
-5.288437204479746819e+09
-5.337960027146131516e+09
-5.385882419027818680e+09
-5.432246736505495071e+09
-5.477092547643767357e+09
-5.520456859638867378e+09
-5.562374321934059143e+09
-5.602877408081278801e+09
-5.641996578974720001e+09
-5.679760429704401016e+09
-5.716195821961318970e+09
-5.751328003659571648e+09
-5.785180717216031075e+09
-5.817776297737497330e+09
-5.849135762203070641e+09
-5.879278890590937614e+09
-5.908224299780109406e+09
-5.935989510955587387e+09
-5.962591011157479286e+09
-5.988044309538452148e+09
-6.012363988827884674e+09
-6.035563752443634033e+09
-6.057656467642190933e+09
-6.078654205054082870e+09
-6.098568274912951469e+09
-6.117409260252778053e+09
-6.135187047317853928e+09
-6.151910853403659821e+09
-6.167589252323256493e+09
-6.182230197672971725e+09
-6.195841044052412033e+09
-6.208428566377163887e+09
-6.219998977407485962e+09
-6.230557943602721214e+09
-6.240110599398893356e+09
-6.248661559995747566e+09
-6.256214932729310036e+09
-6.262774327096623421e+09
-6.268342863490680695e+09
-6.272923180695518494e+09
-6.276517442183877945e+09
-6.279127341252792358e+09
-6.280754105025677681e+09
-6.281398497343094826e+09
-6.281060820558093071e+09
-6.279740916246017456e+09
-6.277438164832647324e+09
-6.274151484138648987e+09
-6.269879326832342148e+09
-6.264619676776763916e+09
-6.258370044250839233e+09
-6.251127460018115997e+09
-6.242888468209845543e+09
-6.233649117982261658e+09
-6.223404953900496483e+09
-6.212151004993688583e+09
-6.199881772417404175e+09
-6.186591215650319099e+09
-6.172272737142166138e+09
-6.156919165319116592e+09
-6.140522735840807915e+09
-6.123075070990111351e+09
-6.104567157062150002e+09
-6.084989319602936745e+09
-6.064331196329930305e+09
-6.042581707546669960e+09
-6.019729023840981483e+09
-5.995760530830763817e+09
-5.970662790692599297e+09
-5.944421500175851822e+09
-5.917021444767910957e+09
-5.888446448634172440e+09
-5.858679319908206940e+09
-5.827701790852584839e+09
-5.795494452347564697e+09
-5.762036682092105865e+09
-5.727306565817587852e+09
-5.691280810717227936e+09
-5.653934650181028366e+09
-5.615241738794139862e+09
-5.575174036402149200e+09
-5.533701679865663528e+09
-5.490792840913063049e+09
-5.446413568247903824e+09
-5.400527611767781258e+09
-5.353096226394236565e+09
-5.304077952585618019e+09
-5.253428370090537071e+09
-5.201099820878082275e+09
-5.147041096426428795e+09
-5.091197083630308151e+09
-5.033508362457300186e+09
-4.973910747087047577e+09
-4.912334760533644676e+09
-4.848705030583411217e+09
-4.782939592150547028e+09
-4.714949077690687180e+09
-4.644635772885740280e+09
-4.571892509106289864e+09
-4.496601356733008385e+09
-4.418632073665186882e+09
-4.337840250397761345e+09
-4.254065075667948723e+09
-4.167126623053736210e+09
-4.076822526380975246e+09
-3.982923866351215839e+09
-3.885170026291193008e+09
-3.783262181733054161e+09
-3.676854951282444477e+09
-3.565545529692131042e+09
-3.448859305675354004e+09
-3.326230462682655811e+09
-3.196975236987503529e+09
-3.060254112887222767e+09
-2.915016775161623001e+09
-2.759919085408631325e+09
-2.593192416892852783e+09
-2.412426881494443417e+09
-2.214186758288935661e+09
-1.993265044369605303e+09
-1.741048841396502733e+09
-1.441200747171976089e+09
-1.053817400534211040e+09
-3.628575866465066671e+08
