-7.745390954939067364e+08
-1.376401274706174850e+09
-1.779639759432339907e+09
-2.101861656595733404e+09
-2.376256450671454430e+09
-2.617906522590785027e+09
-2.835196985830863476e+09
-3.033367251369478226e+09
-3.215953880370887756e+09
-3.385479195836194038e+09
-3.543818132464215279e+09
-3.692410062858672142e+09
-3.832388906986497402e+09
-3.964667065752395153e+09
-4.089991772107323170e+09
-4.208984199937658787e+09
-4.322167377661290169e+09
-4.429986594955952644e+09
-4.532824634621855736e+09
-4.631013350310647964e+09
-4.724842608918468475e+09
-4.814567296561849594e+09
-4.900412877806281090e+09
-4.982579857723481178e+09
-5.061247400591006279e+09
-5.136576292352916718e+09
-5.208711386716508865e+09
-5.277783640775146484e+09
-5.343911821253477097e+09
-5.407203944147742271e+09
-5.467758496829986572e+09
-5.525665481322723389e+09
-5.581007309534883499e+09
-5.633859575145398140e+09
-5.684291722071318626e+09
-5.732367625731528282e+09
-5.778146100371352196e+09
-5.821681343367547989e+09
-5.863023325551949501e+09
-5.902218135073801041e+09
-5.939308281087725639e+09
-5.974332962547014236e+09
-6.007328306554392815e+09
-6.038327580038939476e+09
-6.067361377960235596e+09
-6.094457790767238617e+09
-6.119642553442056656e+09
-6.142939178123896599e+09
-6.164369072024769783e+09
-6.183951642106924057e+09
-6.201704387785157204e+09
-6.217642982739180565e+09
-6.231781346767008781e+09
-6.244131708476052284e+09
-6.254704659490664482e+09
-6.263509200750627518e+09
-6.270552781381930351e+09
-6.275841330537357330e+09
-6.279379282527893066e+09
-6.281169595495369911e+09
-6.281213763810764313e+09
-6.279511824319743156e+09
-6.276062356496507645e+09
-6.270862476507429123e+09
-6.263907825126471519e+09
-6.255192549383891106e+09
-6.244709277767076492e+09
-6.232449088726519585e+09
-6.218401472169611931e+09
-6.202554283548813820e+09
-6.184893690067244530e+09
-6.165404108432217598e+09
-6.144068133483503342e+09
-6.120866456906034470e+09
-6.095777775103251457e+09
-6.068778685154321671e+09
-6.039843567601685524e+09
-6.008944454610213280e+09
-5.976050881799583435e+09
-5.941129721770068169e+09
-5.904144997009909630e+09
-5.865057669478618622e+09
-5.823825403691128731e+09
-5.780402299565460205e+09
-5.734738590619502068e+09
-5.686780302283076286e+09
-5.636468864094291687e+09
-5.583740668328835487e+09
-5.528526566108701706e+09
-5.470751290176271439e+09
-5.410332791200220108e+09
-5.347181471568245888e+09
-5.281199296940467834e+09
-5.212278761146759987e+09
-5.140301673985103607e+09
-5.065137733667453766e+09
-4.986642835439995766e+09
-4.904657054396725655e+09
-4.819002222454089165e+09
-4.729478995044453621e+09
-4.635863269650140762e+09
-4.537901771853511810e+09
-4.435306559062920570e+09
-4.327748098089494705e+09
-4.214846435392783642e+09
-4.096159773879022121e+09
-3.971169457240698338e+09
-3.839259872537085056e+09
-3.699690990528929710e+09
-3.551559942856624603e+09
-3.393745744127263546e+09
-3.224827106936965942e+09
-3.042955324888013840e+09
-2.845647886627676010e+09
-2.629432301058188438e+09
-2.389180634193050861e+09
-2.116724244093552589e+09
-1.797477814616662502e+09
-1.399785343658130646e+09
-8.160508981531103849e+08
