-6.277711730474054337e+09
-6.199171914134309769e+09
-6.120632097794565201e+09
-6.042092281454820633e+09
-5.963552465115076065e+09
-5.885012648775331497e+09
-5.806472832435585976e+09
-5.727933016095841408e+09
-5.649393199756095886e+09
-5.570853383416351318e+09
-5.492313567076606750e+09
-5.413773750736862183e+09
-5.335233934397116661e+09
-5.256694118057372093e+09
-5.178154301717627525e+09
-5.099614485377882957e+09
-5.021074669038137436e+09
-4.942534852698392868e+09
-4.863995036358648300e+09
-4.785455220018903732e+09
-4.706915403679158211e+09
-4.628375587339413643e+09
-4.549835770999669075e+09
-4.471295954659923553e+09
-4.392756138320178986e+09
-4.314216321980434418e+09
-4.235676505640689850e+09
-4.157136689300944328e+09
-4.078596872961199760e+09
-4.000057056621455193e+09
-3.921517240281710625e+09
-3.842977423941965103e+09
-3.764437607602220535e+09
-3.685897791262475967e+09
-3.607357974922731400e+09
-3.528818158582985878e+09
-3.450278342243241310e+09
-3.371738525903496742e+09
-3.293198709563751221e+09
-3.214658893224006653e+09
-3.136119076884262085e+09
-3.057579260544517517e+09
-2.979039444204771996e+09
-2.900499627865027428e+09
-2.821959811525282860e+09
-2.743419995185538292e+09
-2.664880178845792770e+09
-2.586340362506048203e+09
-2.507800546166303635e+09
-2.429260729826559067e+09
-2.350720913486813545e+09
-2.272181097147068977e+09
-2.193641280807324409e+09
-2.115101464467578888e+09
-2.036561648127834320e+09
-1.958021831788089752e+09
-1.879482015448345184e+09
-1.800942199108599663e+09
-1.722402382768855095e+09
-1.643862566429110527e+09
-1.565322750089365959e+09
-1.486782933749620914e+09
-1.408243117409875870e+09
-1.329703301070131302e+09
-1.251163484730386257e+09
-1.172623668390641689e+09
-1.094083852050896645e+09
-1.015544035711152077e+09
-9.370042193714070320e+08
-8.584644030316619873e+08
-7.799245866919174194e+08
-7.013847703521723747e+08
-6.228449540124278069e+08
-5.443051376726827621e+08
-4.657653213329381943e+08
-3.872255049931931496e+08
-3.086856886534485817e+08
-2.301458723137035370e+08
-1.516060559739589691e+08
-7.306623963421392441e+07
5.473576705530643463e+06
8.401339304527568817e+07
1.625532093850202560e+08
2.410930257247653008e+08
3.196328420645103455e+08
3.981726584042549133e+08
4.767124747439999580e+08
5.552522910837445259e+08
6.337921074234893322e+08
7.123319237632341385e+08
7.908717401029789448e+08
8.694115564427237511e+08
9.479513727824687958e+08
1.026491189122213602e+09
1.105031005461958408e+09
1.183570821801703215e+09
1.262110638141448021e+09
1.340650454481192827e+09
1.419190270820937634e+09
1.497730087160682440e+09
1.576269903500427246e+09
1.654809719840172052e+09
1.733349536179916859e+09
1.811889352519661665e+09
1.890429168859406471e+09
1.968968985199151516e+09
2.047508801538896084e+09
2.126048617878641129e+09
2.204588434218385696e+09
2.283128250558130741e+09
2.361668066897875309e+09
2.440207883237620354e+09
2.518747699577364922e+09
2.597287515917109966e+09
2.675827332256854534e+09
2.754367148596599579e+09
2.832906964936344624e+09
2.911446781276089191e+09
2.989986597615834236e+09
3.068526413955578804e+09
3.147066230295323849e+09
3.225606046635068417e+09
3.304145862974813461e+09
3.382685679314558029e+09
3.461225495654303074e+09
3.539765311994047642e+09
3.618305128333792686e+09
3.696844944673537254e+09
3.775384761013282299e+09
3.853924577353027344e+09
3.932464393692771912e+09
4.011004210032516479e+09
4.089544026372261524e+09
4.168083842712006569e+09
4.246623659051751137e+09
4.325163475391495705e+09
4.403703291731241226e+09
4.482243108070985794e+09
4.560782924410730362e+09
4.639322740750474930e+09
4.717862557090220451e+09
4.796402373429965019e+09
4.874942189769709587e+09
4.953482006109455109e+09
5.032021822449199677e+09
5.110561638788944244e+09
5.189101455128688812e+09
5.267641271468433380e+09
5.346181087808178902e+09
5.424720904147923470e+09
5.503260720487668991e+09
5.581800536827413559e+09
5.660340353167158127e+09
5.738880169506902695e+09
5.817419985846647263e+09
5.895959802186391830e+09
5.974499618526137352e+09
6.053039434865881920e+09
6.131579251205627441e+09
6.210119067545372009e+09
