-7.406546414085015059e+08
-1.233774445625324726e+09
-1.575910042488093376e+09
-1.852686842359013796e+09
-2.090231471436653137e+09
-2.300728073244839668e+09
-2.491042898937755108e+09
-2.665502349685356140e+09
-2.827043300430105686e+09
-2.977768940554986477e+09
-3.119247489164625168e+09
-3.252685802300049305e+09
-3.379036542094130039e+09
-3.499067586033346176e+09
-3.613408776342587948e+09
-3.722584450723540306e+09
-3.827036712011837959e+09
-3.927142471556475639e+09
-4.023226190909189701e+09
-4.115569580146989346e+09
-4.204419097728426456e+09
-4.289991832644252777e+09
-4.372480176451793671e+09
-4.452055576615376472e+09
-4.528871583030243874e+09
-4.603066344121523857e+09
-4.674764669551651955e+09
-4.744079748222102165e+09
-4.811114589551201820e+09
-4.875963240693310738e+09
-4.938711820899355888e+09
-4.999439405542215347e+09
-5.058218785697609901e+09
-5.115117124052853584e+09
-5.170196523931360245e+09
-5.223514525093591690e+09
-5.275124537501857758e+09
-5.325076222266051292e+09
-5.373415827407275200e+09
-5.420186484800811768e+09
-5.465428473624221802e+09
-5.509179454790526390e+09
-5.551474680151961327e+09
-5.592347179686651230e+09
-5.631827929405230522e+09
-5.669946002318452835e+09
-5.706728704475431442e+09
-5.742201697803667068e+09
-5.776389111247045517e+09
-5.809313641498984337e+09
-5.840996644458681107e+09
-5.871458218394098282e+09
-5.900717279671707153e+09
-5.928791631806904793e+09
-5.955698028497543335e+09
-5.981452231223960876e+09
-6.006069061930383682e+09
-6.029562451242974281e+09
-6.051945482627853394e+09
-6.073230432846987724e+09
-6.093428809029985428e+09
-6.112551382644811630e+09
-6.130608220619553566e+09
-6.147608713840020180e+09
-6.163561603223745346e+09
-6.178475003549422264e+09
-6.192356425201526642e+09
-6.205212793972731590e+09
-6.217050469051200867e+09
-6.227875259305959702e+09
-6.237692437970906258e+09
-6.246506755816584587e+09
-6.254322452888375282e+09
-6.261143268880191803e+09
-6.266972452203889847e+09
-6.271812767806433678e+09
-6.275666503779162407e+09
-6.278535476796352386e+09
-6.280421036413375854e+09
-6.281324068248315811e+09
-6.281244996064562798e+09
-6.280183782765858650e+09
-6.278139930309223175e+09
-6.275112478535309792e+09
-6.271100002909749031e+09
-6.266100611163084984e+09
-6.260111938810739517e+09
-6.253131143528157234e+09
-6.245154898349712372e+09
-6.236179383653078079e+09
-6.226200277883502960e+09
-6.215212746964673996e+09
-6.203211432334575653e+09
-6.190190437535763741e+09
-6.176143313279792786e+09
-6.161063040894874573e+09
-6.144942014054286957e+09
-6.127772018670158386e+09
-6.109544210823175430e+09
-6.090249092582965851e+09
-6.069876485556436539e+09
-6.048415501981729507e+09
-6.025854513163546562e+09
-6.002181115020830154e+09
-5.977382090489996910e+09
-5.951443368495331764e+09
-5.924349979162456512e+09
-5.896086004910034180e+09
-5.866634527008511543e+09
-5.835977567141551971e+09
-5.804096023444918633e+09
-5.770969600427422523e+09
-5.736576732097672462e+09
-5.700894497526683807e+09
-5.663898527967662811e+09
-5.625562904527611732e+09
-5.585860045237318993e+09
-5.544760580192693710e+09
-5.502233213236022949e+09
-5.458244568404299736e+09
-5.412759019085471153e+09
-5.365738497482506752e+09
-5.317142281577499390e+09
-5.266926756298321724e+09
-5.215045144999397278e+09
-5.161447206651546478e+09
-5.106078893262319565e+09
-5.048881960977646828e+09
-4.989793526995948792e+09
-4.928745562789226532e+09
-4.865664312082878113e+09
-4.800469619478707314e+09
-4.733074152355714798e+09
-4.663382494537215233e+09
-4.591290084879537582e+09
-4.516681967016140938e+09
-4.439431307422504425e+09
-4.359397626963615417e+09
-4.276424675020895004e+09
-4.190337853536128044e+09
-4.100941068453263760e+09
-4.008012844487162590e+09
-3.911301480418020248e+09
-3.810518937673049927e+09
-3.705333031254860878e+09
-3.595357307021148682e+09
-3.480137705937947273e+09
-3.359134670407000542e+09
-3.231698626120369434e+09
-3.097035563358108044e+09
-2.954157332614512920e+09
-2.801807417627761841e+09
-2.638345515584804058e+09
-2.461558918294987202e+09
-2.268334312081745148e+09
-2.054037922969234943e+09
-1.811205681617309332e+09
-1.526277578865821362e+09
-1.168864178967275620e+09
-6.250013475951923132e+08
