-6.247717822678423882e+09
-6.169178006338679314e+09
-6.090638189998934746e+09
-6.012098373659190178e+09
-5.933558557319445610e+09
-5.855018740979701042e+09
-5.776478924639956474e+09
-5.697939108300211906e+09
-5.619399291960465431e+09
-5.540859475620720863e+09
-5.462319659280976295e+09
-5.383779842941231728e+09
-5.305240026601487160e+09
-5.226700210261742592e+09
-5.148160393921998024e+09
-5.069620577582251549e+09
-4.991080761242506981e+09
-4.912540944902762413e+09
-4.834001128563017845e+09
-4.755461312223273277e+09
-4.676921495883528709e+09
-4.598381679543784142e+09
-4.519841863204039574e+09
-4.441302046864293098e+09
-4.362762230524548531e+09
-4.284222414184803963e+09
-4.205682597845059395e+09
-4.127142781505314827e+09
-4.048602965165570259e+09
-3.970063148825825691e+09
-3.891523332486080170e+09
-3.812983516146335602e+09
-3.734443699806590080e+09
-3.655903883466845512e+09
-3.577364067127100945e+09
-3.498824250787356377e+09
-3.420284434447610855e+09
-3.341744618107866287e+09
-3.263204801768121719e+09
-3.184664985428377151e+09
-3.106125169088631630e+09
-3.027585352748887062e+09
-2.949045536409142494e+09
-2.870505720069397926e+09
-2.791965903729652405e+09
-2.713426087389907837e+09
-2.634886271050163269e+09
-2.556346454710417747e+09
-2.477806638370673180e+09
-2.399266822030928612e+09
-2.320727005691184044e+09
-2.242187189351438522e+09
-2.163647373011693954e+09
-2.085107556671949387e+09
-2.006567740332204819e+09
-1.928027923992459297e+09
-1.849488107652714729e+09
-1.770948291312970161e+09
-1.692408474973225594e+09
-1.613868658633480072e+09
-1.535328842293735504e+09
-1.456789025953990936e+09
-1.378249209614245415e+09
-1.299709393274500847e+09
-1.221169576934756279e+09
-1.142629760595011711e+09
-1.064089944255266190e+09
-9.855501279155216217e+08
-9.070103115757770538e+08
-8.284704952360324860e+08
-7.499306788962869644e+08
-6.713908625565423965e+08
-5.928510462167978287e+08
-5.143112298770532608e+08
-4.357714135373077393e+08
-3.572315971975631714e+08
-2.786917808578186035e+08
-2.001519645180730820e+08
-1.216121481783285141e+08
-4.307233183858394623e+07
3.546748450116062164e+07
1.140073008409061432e+08
1.925471171806507111e+08
2.710869335203952789e+08
3.496267498601398468e+08
4.281665661998848915e+08
5.067063825396299362e+08
5.852461988793745041e+08
6.637860152191195488e+08
7.423258315588641167e+08
8.208656478986091614e+08
8.994054642383537292e+08
9.779452805780987740e+08
1.056485096917843819e+09
1.135024913257588387e+09
1.213564729597333431e+09
1.292104545937077999e+09
1.370644362276823044e+09
1.449184178616567612e+09
1.527723994956312656e+09
1.606263811296057224e+09
1.684803627635802269e+09
1.763343443975546837e+09
1.841883260315291882e+09
1.920423076655036449e+09
1.998962892994781494e+09
2.077502709334526062e+09
2.156042525674271107e+09
2.234582342014016151e+09
2.313122158353760719e+09
2.391661974693505764e+09
2.470201791033250332e+09
2.548741607372995377e+09
2.627281423712739944e+09
2.705821240052484512e+09
2.784361056392229557e+09
2.862900872731974602e+09
2.941440689071719170e+09
3.019980505411464214e+09
3.098520321751209259e+09
3.177060138090953827e+09
3.255599954430698395e+09
3.334139770770443439e+09
3.412679587110188484e+09
3.491219403449933052e+09
3.569759219789677620e+09
3.648299036129422665e+09
3.726838852469167709e+09
3.805378668808912277e+09
3.883918485148657322e+09
3.962458301488401890e+09
4.040998117828146935e+09
4.119537934167891502e+09
4.198077750507636547e+09
4.276617566847381115e+09
4.355157383187126160e+09
4.433697199526870728e+09
4.512237015866615295e+09
4.590776832206360817e+09
4.669316648546105385e+09
4.747856464885849953e+09
4.826396281225595474e+09
4.904936097565340042e+09
4.983475913905084610e+09
5.062015730244829178e+09
5.140555546584574699e+09
5.219095362924319267e+09
5.297635179264063835e+09
5.376174995603808403e+09
5.454714811943553925e+09
5.533254628283298492e+09
5.611794444623043060e+09
5.690334260962787628e+09
5.768874077302533150e+09
5.847413893642277718e+09
5.925953709982022285e+09
6.004493526321767807e+09
6.083033342661512375e+09
6.161573159001256943e+09
6.240112975341001511e+09
