-6.497226335624682903e+08
-1.182099918993355274e+09
-1.536308540269004107e+09
-1.819557813816724300e+09
-2.061310345202332258e+09
-2.274834726997426033e+09
-2.467470106316870689e+09
-2.643786566740962029e+09
-2.806861074205703735e+09
-2.958883871293540001e+09
-3.101480522622951508e+09
-3.235897417273400784e+09
-3.363115483078514099e+09
-3.483923421148466110e+09
-3.598966803240879536e+09
-3.708782103566017628e+09
-3.813820961598996639e+09
-3.914467902158714771e+09
-4.011053550057446480e+09
-4.103864666424160004e+09
-4.193151894901918888e+09
-4.279135826497338772e+09
-4.362011809246418953e+09
-4.441953806704434395e+09
-4.519117525832387924e+09
-4.593642976785799980e+09
-4.665656586008041382e+09
-4.735272954481668472e+09
-4.802596331447139740e+09
-4.867721857985740662e+09
-4.930736622969575882e+09
-4.991720564892761230e+09
-5.050747246235139847e+09
-5.107884521720221519e+09
-5.163195117715853691e+09
-5.216737136801054955e+09
-5.268564498974304199e+09
-5.318727328950421333e+09
-5.367272297368044853e+09
-5.414242922418928146e+09
-5.459679837346792221e+09
-5.503621028395521164e+09
-5.546102047074349403e+09
-5.587156200020350456e+09
-5.626814719251740456e+09
-5.665106915200178146e+09
-5.702060314571246147e+09
-5.737700784797553062e+09
-5.772052646608760834e+09
-5.805138776039603233e+09
-5.836980697024156570e+09
-5.867598665577364922e+09
-5.897011746438748360e+09
-5.925237882944996834e+09
-5.952293960804950714e+09
-5.978195866369912148e+09
-6.002958539922473907e+09
-6.026596024446358681e+09
-6.049121510286909103e+09
-6.070547376065649986e+09
-6.090885226171804428e+09
-6.110145925118073463e+09
-6.128339629016548157e+09
-6.145475814402901649e+09
-6.161563304612391472e+09
-6.176610293889324188e+09
-6.190624369392137527e+09
-6.203612531238767624e+09
-6.215581210721343040e+09
-6.226536286805075645e+09
-6.236483101013513565e+09
-6.245426470790650368e+09
-6.253370701419885635e+09
-6.260319596570076942e+09
-6.266276467530034065e+09
-6.271244141184479713e+09
-6.275224966776830673e+09
-6.278220821496846199e+09
-6.280233114924351692e+09
-6.281262792353696823e+09
-6.281310337017280579e+09
-6.280375771220376968e+09
-6.278458656393493652e+09
-6.275558092062528610e+09
-6.271672713731099129e+09
-6.266800689663393021e+09
-6.260939716549791336e+09
-6.254087014031242371e+09
-6.246239318051822662e+09
-6.237392873002101898e+09
-6.227543422608707428e+09
-6.216686199517807961e+09
-6.204815913512020111e+09
-6.191926738291358948e+09
-6.178012296739266396e+09
-6.163065644584221840e+09
-6.147079252356009483e+09
-6.130044985523004532e+09
-6.111954082682918549e+09
-6.092797131663887978e+09
-6.072564043375552177e+09
-6.051244023230447769e+09
-6.028825539934410095e+09
-6.005296291420372963e+09
-5.980643167672502518e+09
-5.954852210156597137e+09
-5.927908567537515640e+09
-5.899796447324356079e+09
-5.870499063038518906e+09
-5.839998576447585106e+09
-5.808276034348069191e+09
-5.775311299311327934e+09
-5.741082973727404594e+09
-5.705568316389781952e+09
-5.668743150757300377e+09
-5.630581763905336380e+09
-5.591056795033249855e+09
-5.550139112225049973e+09
-5.507797675960119247e+09
-5.463999387634643555e+09
-5.418708921074323654e+09
-5.371888534685711861e+09
-5.323497861495183945e+09
-5.273493673846438408e+09
-5.221829618950781822e+09
-5.168455920785585403e+09
-5.113319042985104561e+09
-5.056361306325258255e+09
-4.997520453119835854e+09
-4.936729149254345894e+09
-4.873914412599243164e+09
-4.808996954052513123e+09
-4.741890414310385704e+09
-4.672500475448848724e+09
-4.600723821238280296e+09
-4.526446913424219131e+09
-4.449544542454268456e+09
-4.369878099560687065e+09
-4.287293501645800591e+09
-4.201618679507594585e+09
-4.112660511301487923e+09
-4.020201043349538803e+09
-3.923992784292228222e+09
-3.823752778083967686e+09
-3.719155043706955433e+09
-3.609820794008414745e+09
-3.495305578211845875e+09
-3.375082073046637535e+09
-3.248516570532058716e+09
-3.114836081199229717e+09
-2.973081013184543610e+09
-2.822034833887584686e+09
-2.660115315336924076e+09
-2.485198055005641937e+09
-2.294312151564436436e+09
-2.083072278997367144e+09
-1.844498572712096214e+09
-1.566149049243170261e+09
-1.221119854335458040e+09
-7.191019033195834160e+08
