-6.204645490839838028e+09
-6.126105674500093460e+09
-6.047565858160348892e+09
-5.969026041820602417e+09
-5.890486225480857849e+09
-5.811946409141113281e+09
-5.733406592801368713e+09
-5.654866776461624146e+09
-5.576326960121879578e+09
-5.497787143782135010e+09
-5.419247327442390442e+09
-5.340707511102645874e+09
-5.262167694762899399e+09
-5.183627878423154831e+09
-5.105088062083410263e+09
-5.026548245743665695e+09
-4.948008429403921127e+09
-4.869468613064176559e+09
-4.790928796724431992e+09
-4.712388980384687424e+09
-4.633849164044940948e+09
-4.555309347705196381e+09
-4.476769531365451813e+09
-4.398229715025707245e+09
-4.319689898685962677e+09
-4.241150082346217632e+09
-4.162610266006473064e+09
-4.084070449666727543e+09
-4.005530633326982975e+09
-3.926990816987238407e+09
-3.848451000647493839e+09
-3.769911184307748318e+09
-3.691371367968003750e+09
-3.612831551628259182e+09
-3.534291735288514614e+09
-3.455751918948769093e+09
-3.377212102609024525e+09
-3.298672286269279957e+09
-3.220132469929535389e+09
-3.141592653589789867e+09
-3.063052837250045300e+09
-2.984513020910300732e+09
-2.905973204570555210e+09
-2.827433388230810642e+09
-2.748893571891066074e+09
-2.670353755551321507e+09
-2.591813939211575985e+09
-2.513274122871831417e+09
-2.434734306532086849e+09
-2.356194490192342281e+09
-2.277654673852596760e+09
-2.199114857512852192e+09
-2.120575041173107624e+09
-2.042035224833363056e+09
-1.963495408493617535e+09
-1.884955592153872967e+09
-1.806415775814128399e+09
-1.727875959474382877e+09
-1.649336143134638309e+09
-1.570796326794893742e+09
-1.492256510455149174e+09
-1.413716694115403652e+09
-1.335176877775659084e+09
-1.256637061435914516e+09
-1.178097245096169949e+09
-1.099557428756424904e+09
-1.021017612416679859e+09
-9.424777960769352913e+08
-8.639379797371902466e+08
-7.853981633974456787e+08
-7.068583470577006340e+08
-6.283185307179560661e+08
-5.497787143782110214e+08
-4.712388980384659767e+08
-3.926990816987214088e+08
-3.141592653589763641e+08
-2.356194490192317963e+08
-1.570796326794867516e+08
-7.853981633974218369e+07
2.861022949218750000e-06
7.853981633974742889e+07
1.570796326794924736e+08
2.356194490192370415e+08
3.141592653589820862e+08
3.926990816987266541e+08
4.712388980384716988e+08
5.497787143782162666e+08
6.283185307179613113e+08
7.068583470577063560e+08
7.853981633974509239e+08
8.639379797371959686e+08
9.424777960769405365e+08
1.021017612416685343e+09
1.099557428756430149e+09
1.178097245096174955e+09
1.256637061435919762e+09
1.335176877775664806e+09
1.413716694115409613e+09
1.492256510455154419e+09
1.570796326794899225e+09
1.649336143134644032e+09
1.727875959474388838e+09
1.806415775814133644e+09
1.884955592153878450e+09
1.963495408493623257e+09
2.042035224833368063e+09
2.120575041173112869e+09
2.199114857512857437e+09
2.277654673852602482e+09
2.356194490192347527e+09
2.434734306532092094e+09
2.513274122871837139e+09
2.591813939211581707e+09
2.670353755551326752e+09
2.748893571891071320e+09
2.827433388230816364e+09
2.905973204570560932e+09
2.984513020910305977e+09
3.063052837250050545e+09
3.141592653589795589e+09
3.220132469929540634e+09
3.298672286269285202e+09
3.377212102609030247e+09
3.455751918948774815e+09
3.534291735288519859e+09
3.612831551628264427e+09
3.691371367968009472e+09
3.769911184307754040e+09
3.848451000647499084e+09
3.926990816987243652e+09
4.005530633326988697e+09
4.084070449666733742e+09
4.162610266006478310e+09
4.241150082346222878e+09
4.319689898685968399e+09
4.398229715025712967e+09
4.476769531365457535e+09
4.555309347705202103e+09
4.633849164044946671e+09
4.712388980384692192e+09
4.790928796724436760e+09
4.869468613064181328e+09
4.948008429403926849e+09
5.026548245743671417e+09
5.105088062083415985e+09
5.183627878423160553e+09
5.262167694762906075e+09
5.340707511102650642e+09
5.419247327442395210e+09
5.497787143782140732e+09
5.576326960121885300e+09
5.654866776461629868e+09
5.733406592801374435e+09
5.811946409141119003e+09
5.890486225480864525e+09
5.969026041820609093e+09
6.047565858160354614e+09
6.126105674500099182e+09
6.204645490839843750e+09
