-9.790259574586596489e+08
-1.388145077877211332e+09
-1.697958975826641798e+09
-1.956232502655154943e+09
-2.181350389047401905e+09
-2.382728778029235840e+09
-2.565963042212178230e+09
-2.734702768647352695e+09
-2.891486663672315121e+09
-3.038166225544753075e+09
-3.176141668185707092e+09
-3.306502801031440258e+09
-3.430117876191821098e+09
-3.547692138617898464e+09
-3.659807832489354610e+09
-3.766952378991304874e+09
-3.869538741881869316e+09
-3.967920477877526760e+09
-4.062403076639929295e+09
-4.153252651829159260e+09
-4.240702703238813400e+09
-4.324959449415293694e+09
-4.406206084083554268e+09
-4.484606210832993507e+09
-4.560306642273898125e+09
-4.633439701926815033e+09
-4.704125132871625900e+09
-4.772471692376602173e+09
-4.838578493509857178e+09
-4.902536141190075874e+09
-4.964427699946115494e+09
-5.024329522912319183e+09
-5.082311965643491745e+09
-5.138440003730346680e+09
-5.192773769600239754e+09
-5.245369021056467056e+09
-5.296277551863017082e+09
-5.345547552886980057e+09
-5.393223930867555618e+09
-5.439348590712645531e+09
-5.483960686273327827e+09
-5.527096843768330574e+09
-5.568791361390271187e+09
-5.609076388095870018e+09
-5.647982084142349243e+09
-5.685536765564877510e+09
-5.721767034482052803e+09
-5.756697896857173920e+09
-5.790352869124013901e+09
-5.822754074899971962e+09
-5.853922332851230621e+09
-5.883877236639391899e+09
-5.912637227763145447e+09
-5.940219662008866310e+09
-5.966640870138026237e+09
-5.991916213364871025e+09
-6.016060134113257408e+09
-6.039086202485228539e+09
-6.061007158824903488e+09
-6.081834952718188286e+09
-6.101580778731131554e+09
-6.120255109156512260e+09
-6.137867724008902550e+09
-6.154427738482488632e+09
-6.169943628062885284e+09
-6.184423251463594437e+09
-6.197873871539490700e+09
-6.210302174313174248e+09
-6.221714286235313416e+09
-6.232115789786715508e+09
-6.241511737517748833e+09
-6.249906664609752655e+09
-6.257304600032958031e+09
-6.263709076366211891e+09
-6.269123138335213661e+09
-6.273549350118008614e+09
-6.276989801459044456e+09
-6.279446112626037598e+09
-6.280919438237231255e+09
-6.281410469980208397e+09
-6.280919438237231255e+09
-6.279446112626037598e+09
-6.276989801459043503e+09
-6.273549350118007660e+09
-6.269123138335213661e+09
-6.263709076366211891e+09
-6.257304600032957077e+09
-6.249906664609751701e+09
-6.241511737517748833e+09
-6.232115789786714554e+09
-6.221714286235312462e+09
-6.210302174313173294e+09
-6.197873871539490700e+09
-6.184423251463593483e+09
-6.169943628062883377e+09
-6.154427738482488632e+09
-6.137867724008900642e+09
-6.120255109156511307e+09
-6.101580778731130600e+09
-6.081834952718187332e+09
-6.061007158824902534e+09
-6.039086202485226631e+09
-6.016060134113255501e+09
-5.991916213364870071e+09
-5.966640870138024330e+09
-5.940219662008865356e+09
-5.912637227763143539e+09
-5.883877236639389992e+09
-5.853922332851228714e+09
-5.822754074899970055e+09
-5.790352869124011040e+09
-5.756697896857171059e+09
-5.721767034482050896e+09
-5.685536765564875603e+09
-5.647982084142346382e+09
-5.609076388095867157e+09
-5.568791361390268326e+09
-5.527096843768328667e+09
-5.483960686273324966e+09
-5.439348590712641716e+09
-5.393223930867551804e+09
-5.345547552886976242e+09
-5.296277551863013268e+09
-5.245369021056463242e+09
-5.192773769600234985e+09
-5.138440003730342865e+09
-5.082311965643486977e+09
-5.024329522912314415e+09
-4.964427699946111679e+09
-4.902536141190072060e+09
-4.838578493509852409e+09
-4.772471692376596451e+09
-4.704125132871622086e+09
-4.633439701926810265e+09
-4.560306642273892403e+09
-4.484606210832988739e+09
-4.406206084083548546e+09
-4.324959449415287018e+09
-4.240702703238807201e+09
-4.153252651829154015e+09
-4.062403076639924049e+09
-3.967920477877521038e+09
-3.869538741881861687e+09
-3.766952378991297245e+09
-3.659807832489346504e+09
-3.547692138617890358e+09
-3.430117876191811085e+09
-3.306502801031432152e+09
-3.176141668185698986e+09
-3.038166225544742584e+09
-2.891486663672303677e+09
-2.734702768647341251e+09
-2.565963042212165356e+09
-2.382728778029222012e+09
-2.181350389047384262e+09
-1.956232502655133963e+09
-1.697958975826621294e+09
-1.388145077877187729e+09
-9.790259574586219788e+08
