-8.691742814318846464e+08
-1.313957935871058226e+09
-1.638648826769504309e+09
-1.905654085138812304e+09
-2.136709620289582729e+09
-2.342477642405261040e+09
-2.529137798420165062e+09
-2.700655012422971725e+09
-2.859755231370629787e+09
-3.008409125281449318e+09
-3.148096876098372936e+09
-3.279964239442651749e+09
-3.404919951664580822e+09
-3.523699382320105553e+09
-3.636907723764968872e+09
-3.745050231959261894e+09
-3.848553973002533436e+09
-3.947783823973610401e+09
-4.043054483066045761e+09
-4.134639643276283741e+09
-4.222779108710502625e+09
-4.307684391488138199e+09
-4.389543168357935905e+09
-4.468522869090384483e+09
-4.544773595107720375e+09
-4.618430515282390594e+09
-4.689615849160079956e+09
-4.758440521367678642e+09
-4.825005551560852051e+09
-4.889403229872824669e+09
-4.951718117026373863e+09
-5.012027900080193520e+09
-5.070404128506519318e+09
-5.126912850445995331e+09
-5.181615165202760696e+09
-5.234567705068760872e+09
-5.285823057210397720e+09
-5.335430134471255302e+09
-5.383434502435175896e+09
-5.429878668874067307e+09
-5.474802340712987900e+09
-5.518242652834128380e+09
-5.560234372374774933e+09
-5.600810081623604774e+09
-5.640000342162574768e+09
-5.677833842520397186e+09
-5.714337531284318924e+09
-5.749536737348307610e+09
-5.783455278749004364e+09
-5.816115561348506927e+09
-5.847538668459527969e+09
-5.877744442368793488e+09
-5.906751558594935417e+09
-5.934577593614291191e+09
-5.961239086699384689e+09
-5.986751596438161850e+09
-6.011129752435550690e+09
-6.034387302641049385e+09
-6.056537156695549011e+09
-6.077591425646407127e+09
-6.097561458341053963e+09
-6.116457874775275230e+09
-6.134290596642231941e+09
-6.151068875301655769e+09
-6.166801317365015984e+09
-6.181495908071414948e+09
-6.195160032610217094e+09
-6.207800495529561043e+09
-6.219423538354798317e+09
-6.230034855527297020e+09
-6.239639608761628151e+09
-6.248242439908004761e+09
-6.255847482396510124e+09
-6.262458371330272675e+09
-6.268078252286030769e+09
-6.272709788872448921e+09
-6.276355169088984489e+09
-6.279016110521012306e+09
-6.280693864400132179e+09
-6.281389218552146912e+09
-6.281102499248955727e+09
-6.279833571974534035e+09
-6.277581841109205246e+09
-6.274346248530461311e+09
-6.270125271122671127e+09
-6.264916917181956291e+09
-6.258718721696383476e+09
-6.251527740475252151e+09
-6.243340543094621658e+09
-6.234153204619301796e+09
-6.223961296054130554e+09
-6.212759873469532013e+09
-6.200543465737914085e+09
-6.187306060808351517e+09
-6.173041090437113762e+09
-6.157741413280758858e+09
-6.141399296246699333e+09
-6.124006393982996941e+09
-6.105553726374737740e+09
-6.086031653898202896e+09
-6.065429850666149139e+09
-6.043737274977438927e+09
-6.020942137161765099e+09
-5.997031864484887123e+09
-5.971993062851189613e+09
-5.945811475008016586e+09
-5.918471934919512749e+09
-5.889958317935831070e+09
-5.860253486335866928e+09
-5.829339229766999245e+09
-5.797196200042568207e+09
-5.763803839685568810e+09
-5.729140303523632050e+09
-5.693182372543693542e+09
-5.655905359102489471e+09
-5.617283002458121300e+09
-5.577287353434842110e+09
-5.535888646853562355e+09
-5.493055160148926735e+09
-5.448753056343622208e+09
-5.402946209253598213e+09
-5.355596008443907738e+09
-5.306661141031284332e+09
-5.256097346920166969e+09
-5.203857143443661690e+09
-5.149889514633947372e+09
-5.094139559435171127e+09
-5.036548092053394318e+09
-4.977051186257747650e+09
-4.915579653732736588e+09
-4.852058444438966751e+09
-4.786405954242740631e+09
-4.718533221655632019e+09
-4.648342991155454636e+09
-4.575728614928864479e+09
-4.500572757553448677e+09
-4.422745858523223877e+09
-4.342104294767115593e+09
-4.258488168198236465e+09
-4.171718620093205929e+09
-4.081594542121863365e+09
-3.987888509201860905e+09
-3.890341696029815197e+09
-3.788657447752524853e+09
-3.682493040787973404e+09
-3.571448967714877129e+09
-3.455054769034800053e+09
-3.332749942550026894e+09
-3.203857658605158329e+09
-3.067547653767957211e+09
-2.922782289902945518e+09
-2.768235361146510601e+09
-2.602164620029298782e+09
-2.422200941140339851e+09
-2.224975748921481609e+09
-2.005402643315029860e+09
-1.755114080292143345e+09
-1.458380643852355003e+09
-1.077490493872370481e+09
-4.275048782248854041e+08
