-6.241523978727912903e+09
-6.162984162388168335e+09
-6.084444346048421860e+09
-6.005904529708677292e+09
-5.927364713368932724e+09
-5.848824897029188156e+09
-5.770285080689443588e+09
-5.691745264349699020e+09
-5.613205448009954453e+09
-5.534665631670207977e+09
-5.456125815330463409e+09
-5.377585998990718842e+09
-5.299046182650974274e+09
-5.220506366311229706e+09
-5.141966549971485138e+09
-5.063426733631740570e+09
-4.984886917291996002e+09
-4.906347100952249527e+09
-4.827807284612504959e+09
-4.749267468272760391e+09
-4.670727651933015823e+09
-4.592187835593271255e+09
-4.513648019253526688e+09
-4.435108202913782120e+09
-4.356568386574035645e+09
-4.278028570234291553e+09
-4.199488753894546032e+09
-4.120948937554801464e+09
-4.042409121215056896e+09
-3.963869304875312328e+09
-3.885329488535566807e+09
-3.806789672195822239e+09
-3.728249855856077671e+09
-3.649710039516333103e+09
-3.571170223176587582e+09
-3.492630406836843014e+09
-3.414090590497098446e+09
-3.335550774157353878e+09
-3.257010957817608356e+09
-3.178471141477863789e+09
-3.099931325138119221e+09
-3.021391508798373699e+09
-2.942851692458629131e+09
-2.864311876118884563e+09
-2.785772059779139996e+09
-2.707232243439394474e+09
-2.628692427099649906e+09
-2.550152610759905338e+09
-2.471612794420160770e+09
-2.393072978080415249e+09
-2.314533161740670681e+09
-2.235993345400926113e+09
-2.157453529061181545e+09
-2.078913712721436024e+09
-2.000373896381691456e+09
-1.921834080041946888e+09
-1.843294263702201366e+09
-1.764754447362456799e+09
-1.686214631022712231e+09
-1.607674814682967663e+09
-1.529134998343222141e+09
-1.450595182003477573e+09
-1.372055365663733006e+09
-1.293515549323988438e+09
-1.214975732984242916e+09
-1.136435916644498348e+09
-1.057896100304753780e+09
-9.793562839650092125e+08
-9.008164676252636909e+08
-8.222766512855191231e+08
-7.437368349457745552e+08
-6.651970186060290337e+08
-5.866572022662844658e+08
-5.081173859265398979e+08
-4.295775695867953300e+08
-3.510377532470498085e+08
-2.724979369073052406e+08
-1.939581205675606728e+08
-1.154183042278161049e+08
-3.687848788807106018e+07
4.166132845167398453e+07
1.202011447914185524e+08
1.987409611311635971e+08
2.772807774709081650e+08
3.558205938106532097e+08
4.343604101503977776e+08
5.129002264901428223e+08
5.914400428298878670e+08
6.699798591696324348e+08
7.485196755093774796e+08
8.270594918491220474e+08
9.055993081888670921e+08
9.841391245286116600e+08
1.062678940868356705e+09
1.141218757208101273e+09
1.219758573547846317e+09
1.298298389887590885e+09
1.376838206227335930e+09
1.455378022567080498e+09
1.533917838906825542e+09
1.612457655246570110e+09
1.690997471586315155e+09
1.769537287926060200e+09
1.848077104265804768e+09
1.926616920605549812e+09
2.005156736945294380e+09
2.083696553285039186e+09
2.162236369624783993e+09
2.240776185964529037e+09
2.319316002304273605e+09
2.397855818644018650e+09
2.476395634983763695e+09
2.554935451323508263e+09
2.633475267663252831e+09
2.712015084002997875e+09
2.790554900342742920e+09
2.869094716682487488e+09
2.947634533022232056e+09
3.026174349361977100e+09
3.104714165701722145e+09
3.183253982041466713e+09
3.261793798381211281e+09
3.340333614720956326e+09
3.418873431060701370e+09
3.497413247400445938e+09
3.575953063740190983e+09
3.654492880079935551e+09
3.733032696419680595e+09
3.811572512759425163e+09
3.890112329099170208e+09
3.968652145438914776e+09
4.047191961778659821e+09
4.125731778118404388e+09
4.204271594458149433e+09
4.282811410797894478e+09
4.361351227137639046e+09
4.439891043477383614e+09
4.518430859817129135e+09
4.596970676156873703e+09
4.675510492496618271e+09
4.754050308836362839e+09
4.832590125176108360e+09
4.911129941515852928e+09
4.989669757855597496e+09
5.068209574195342064e+09
5.146749390535087585e+09
5.225289206874832153e+09
5.303829023214576721e+09
5.382368839554321289e+09
5.460908655894066811e+09
5.539448472233811378e+09
5.617988288573555946e+09
5.696528104913301468e+09
5.775067921253046036e+09
5.853607737592790604e+09
5.932147553932535172e+09
6.010687370272279739e+09
6.089227186612025261e+09
6.167767002951769829e+09
6.246306819291515350e+09
