-3.311980286571546197e+08
-1.043471507557703614e+09
-1.433749083515571594e+09
-1.734964863153541565e+09
-1.988022311940100431e+09
-2.209530570882551670e+09
-2.408211155413105488e+09
-2.589324156791946411e+09
-2.756334740798938751e+09
-2.911670622206882954e+09
-3.057111940313720703e+09
-3.194010647053868771e+09
-3.323422574075835705e+09
-3.446191258876801014e+09
-3.563003476582578182e+09
-3.674427349944319248e+09
-3.780939290757888794e+09
-3.882943533618966103e+09
-3.980786611292868614e+09
-4.074768287709426403e+09
-4.165149954910974979e+09
-4.252161178714422226e+09
-4.336004869362555504e+09
-4.416861414964725494e+09
-4.494892021547485352e+09
-4.570241438505948067e+09
-4.643040202453694344e+09
-4.713406499705303192e+09
-4.781447723841157913e+09
-4.847261787306936264e+09
-4.910938232969837189e+09
-4.972559181739561081e+09
-5.032200144892744064e+09
-5.089930723999428749e+09
-5.145815216898754120e+09
-5.199913144689903259e+09
-5.252279711960277557e+09
-5.302966210293903351e+09
-5.352020373360592842e+09
-5.399486690483964920e+09
-5.445406684450550079e+09
-5.489819158396988869e+09
-5.532760415854382515e+09
-5.574264457404790878e+09
-5.614363156888422966e+09
-5.653086419670637131e+09
-5.690462325119257927e+09
-5.726517255141854286e+09
-5.761276010379277229e+09
-5.794761915437489510e+09
-5.826996914357892036e+09
-5.858001657371451378e+09
-5.887795579849523544e+09
-5.916396974250725746e+09
-5.943823055765483856e+09
-5.970090022275557518e+09
-5.995213109172820091e+09
-6.019206639518179893e+09
-6.042084069966296196e+09
-6.063858032833541870e+09
-6.084540374644406319e+09
-6.104142191454466820e+09
-6.122673861215363503e+09
-6.140145073418361664e+09
-6.156564856227566719e+09
-6.171941601291085243e+09
-6.186283086398280144e+09
-6.199596496133109093e+09
-6.211888440657401085e+09
-6.223164972743274689e+09
-6.233431603160751343e+09
-6.242693314514678001e+09
-6.250954573614172935e+09
-6.258219342447838783e+09
-6.264491087828860283e+09
-6.269772789765575409e+09
-6.274066948605270386e+09
-6.277375590991502762e+09
-6.279700274668324471e+09
-6.281042092158082008e+09
-6.281401673333140373e+09
-6.280779186895667076e+09
-6.279174340773623466e+09
-6.276586381435100555e+09
-6.273014092117273331e+09
-6.268455789960226059e+09
-6.262909322029858589e+09
-6.256372060207877159e+09
-6.248840894920405388e+09
-6.240312227670037270e+09
-6.230781962329074860e+09
-6.220245495144156456e+09
-6.208697703394456863e+09
-6.196132932636992455e+09
-6.182544982463162422e+09
-6.167927090680529594e+09
-6.152271915822624207e+09
-6.135571517877322197e+09
-6.117817337110817909e+09
-6.099000170849203110e+09
-6.079110148062969208e+09
-6.058136701581135750e+09
-6.036068537740868568e+09
-6.012893603254980087e+09
-5.988599049053357124e+09
-5.963171190824519157e+09
-5.936595465949730873e+09
-5.908856386483675957e+09
-5.879937487791990280e+09
-5.849821272405925751e+09
-5.818489148597152710e+09
-5.785921363109889030e+09
-5.752096927411655426e+09
-5.716993536736285210e+09
-5.680587481091101646e+09
-5.642853547281913757e+09
-5.603764910871425629e+09
-5.563293016825039864e+09
-5.521407447408069611e+09
-5.478075775674427032e+09
-5.433263402621604919e+09
-5.386933375771622658e+09
-5.339046186561402321e+09
-5.289559543475059509e+09
-5.238428117307610512e+09
-5.185603254292451859e+09
-5.131032652025965691e+09
-5.074659992145622253e+09
-5.016424522516892433e+09
-4.956260580198835373e+09
-4.894097044609516144e+09
-4.829856707996309280e+09
-4.763455547393815994e+09
-4.694801878537105560e+09
-4.623795367437101364e+09
-4.550325869171205521e+09
-4.474272055414514542e+09
-4.395499781660373688e+09
-4.313860130994999886e+09
-4.229187052318524837e+09
-4.141294485026117802e+09
-4.049972826379882812e+09
-3.954984547583191395e+09
-3.856058692930752754e+09
-3.752883892359376907e+09
-3.645099363560990334e+09
-3.532283146271495819e+09
-3.413936448607855320e+09
-3.289462405824302673e+09
-3.158136595847026348e+09
-3.019065019376645565e+09
-2.871122327404009342e+09
-2.712857578478929996e+09
-2.542343811879492760e+09
-2.356924026987709999e+09
-2.152750026055191517e+09
-1.923860045551112652e+09
-1.660061827027493715e+09
-1.340908669051861286e+09
-9.099065020218579769e+08
