-6.208650115544656754e+09
-6.130110299204912186e+09
-6.051570482865167618e+09
-5.973030666525423050e+09
-5.894490850185677528e+09
-5.815951033845932961e+09
-5.737411217506188393e+09
-5.658871401166443825e+09
-5.580331584826698303e+09
-5.501791768486953735e+09
-5.423251952147209167e+09
-5.344712135807463646e+09
-5.266172319467719078e+09
-5.187632503127974510e+09
-5.109092686788229942e+09
-5.030552870448484421e+09
-4.952013054108739853e+09
-4.873473237768995285e+09
-4.794933421429250717e+09
-4.716393605089505196e+09
-4.637853788749760628e+09
-4.559313972410016060e+09
-4.480774156070271492e+09
-4.402234339730525970e+09
-4.323694523390781403e+09
-4.245154707051036835e+09
-4.166614890711291313e+09
-4.088075074371546745e+09
-4.009535258031802177e+09
-3.930995441692057610e+09
-3.852455625352312565e+09
-3.773915809012567520e+09
-3.695375992672822952e+09
-3.616836176333078384e+09
-3.538296359993332863e+09
-3.459756543653588295e+09
-3.381216727313843727e+09
-3.302676910974098682e+09
-3.224137094634353638e+09
-3.145597278294609070e+09
-3.067057461954864502e+09
-2.988517645615119457e+09
-2.909977829275374413e+09
-2.831438012935629845e+09
-2.752898196595885277e+09
-2.674358380256140232e+09
-2.595818563916395187e+09
-2.517278747576650620e+09
-2.438738931236905575e+09
-2.360199114897161007e+09
-2.281659298557415962e+09
-2.203119482217671394e+09
-2.124579665877926350e+09
-2.046039849538181543e+09
-1.967500033198436737e+09
-1.888960216858691931e+09
-1.810420400518947124e+09
-1.731880584179202318e+09
-1.653340767839457512e+09
-1.574800951499712706e+09
-1.496261135159967899e+09
-1.417721318820223093e+09
-1.339181502480478287e+09
-1.260641686140733242e+09
-1.182101869800988674e+09
-1.103562053461243629e+09
-1.025022237121498942e+09
-9.464824207817541361e+08
-8.679426044420093298e+08
-7.894027881022644043e+08
-7.108629717625195980e+08
-6.323231554227747917e+08
-5.537833390830299854e+08
-4.752435227432851791e+08
-3.967037064035403728e+08
-3.181638900637955666e+08
-2.396240737240507603e+08
-1.610842573843059540e+08
-8.254444104456114769e+07
-4.004624704816341400e+06
7.453519163492846489e+07
1.530750079746735096e+08
2.316148243144183159e+08
3.101546406541631222e+08
3.886944569939079285e+08
4.672342733336527348e+08
5.457740896733973026e+08
6.243139060131423473e+08
7.028537223528869152e+08
7.813935386926319599e+08
8.599333550323770046e+08
9.384731713721215725e+08
1.017012987711866617e+09
1.095552804051611185e+09
1.174092620391356230e+09
1.252632436731100798e+09
1.331172253070845842e+09
1.409712069410590410e+09
1.488251885750335455e+09
1.566791702090080023e+09
1.645331518429825068e+09
1.723871334769569635e+09
1.802411151109314680e+09
1.880950967449059248e+09
1.959490783788804293e+09
2.038030600128549337e+09
2.116570416468293905e+09
2.195110232808038712e+09
2.273650049147783279e+09
2.352189865487528801e+09
2.430729681827273369e+09
2.509269498167017937e+09
2.587809314506763458e+09
2.666349130846508026e+09
2.744888947186252594e+09
2.823428763525997162e+09
2.901968579865742683e+09
2.980508396205487251e+09
3.059048212545231819e+09
3.137588028884976387e+09
3.216127845224721909e+09
3.294667661564466476e+09
3.373207477904211044e+09
3.451747294243956566e+09
3.530287110583701134e+09
3.608826926923445702e+09
3.687366743263190269e+09
3.765906559602935791e+09
3.844446375942680359e+09
3.922986192282424927e+09
4.001526008622169495e+09
4.080065824961915016e+09
4.158605641301659584e+09
4.237145457641404152e+09
4.315685273981148720e+09
4.394225090320894241e+09
4.472764906660638809e+09
4.551304723000383377e+09
4.629844539340128899e+09
4.708384355679873466e+09
4.786924172019618034e+09
4.865463988359362602e+09
4.944003804699108124e+09
5.022543621038852692e+09
5.101083437378597260e+09
5.179623253718341827e+09
5.258163070058087349e+09
5.336702886397831917e+09
5.415242702737576485e+09
5.493782519077321053e+09
5.572322335417066574e+09
5.650862151756811142e+09
5.729401968096555710e+09
5.807941784436301231e+09
5.886481600776045799e+09
5.965021417115790367e+09
6.043561233455534935e+09
6.122101049795280457e+09
6.200640866135025024e+09
6.279180682474769592e+09
