-6.225424591161865234e+09
-6.146884774822120667e+09
-6.068344958482376099e+09
-5.989805142142631531e+09
-5.911265325802886963e+09
-5.832725509463142395e+09
-5.754185693123397827e+09
-5.675645876783653259e+09
-5.597106060443906784e+09
-5.518566244104162216e+09
-5.440026427764417648e+09
-5.361486611424673080e+09
-5.282946795084928513e+09
-5.204406978745183945e+09
-5.125867162405439377e+09
-5.047327346065692902e+09
-4.968787529725948334e+09
-4.890247713386203766e+09
-4.811707897046459198e+09
-4.733168080706714630e+09
-4.654628264366970062e+09
-4.576088448027223587e+09
-4.497548631687479019e+09
-4.419008815347734451e+09
-4.340468999007989883e+09
-4.261929182668244839e+09
-4.183389366328500271e+09
-4.104849549988755703e+09
-4.026309733649011135e+09
-3.947769917309265614e+09
-3.869230100969521046e+09
-3.790690284629776478e+09
-3.712150468290030956e+09
-3.633610651950286388e+09
-3.555070835610541821e+09
-3.476531019270797253e+09
-3.397991202931051731e+09
-3.319451386591307163e+09
-3.240911570251562595e+09
-3.162371753911818027e+09
-3.083831937572072506e+09
-3.005292121232327938e+09
-2.926752304892583370e+09
-2.848212488552838802e+09
-2.769672672213093281e+09
-2.691132855873348713e+09
-2.612593039533604145e+09
-2.534053223193858624e+09
-2.455513406854114056e+09
-2.376973590514369488e+09
-2.298433774174624920e+09
-2.219893957834879398e+09
-2.141354141495134830e+09
-2.062814325155390263e+09
-1.984274508815645695e+09
-1.905734692475900173e+09
-1.827194876136155605e+09
-1.748655059796411037e+09
-1.670115243456666470e+09
-1.591575427116920948e+09
-1.513035610777176380e+09
-1.434495794437431812e+09
-1.355955978097686291e+09
-1.277416161757941723e+09
-1.198876345418197155e+09
-1.120336529078452587e+09
-1.041796712738707066e+09
-9.632568963989624977e+08
-8.847170800592179298e+08
-8.061772637194733620e+08
-7.276374473797283173e+08
-6.490976310399832726e+08
-5.705578147002387047e+08
-4.920179983604936600e+08
-4.134781820207490921e+08
-3.349383656810040474e+08
-2.563985493412594795e+08
-1.778587330015144348e+08
-9.931891666176939011e+07
-2.077910032202482224e+07
5.776071601772022247e+07
1.363005323574647903e+08
2.148403486972098351e+08
2.933801650369544029e+08
3.719199813766994476e+08
4.504597977164440155e+08
5.289996140561890602e+08
6.075394303959336281e+08
6.860792467356786728e+08
7.646190630754232407e+08
8.431588794151682854e+08
9.216986957549128532e+08
1.000238512094657898e+09
1.078778328434402943e+09
1.157318144774147511e+09
1.235857961113892555e+09
1.314397777453637123e+09
1.392937593793381929e+09
1.471477410133126736e+09
1.550017226472871542e+09
1.628557042812616348e+09
1.707096859152361393e+09
1.785636675492106199e+09
1.864176491831851006e+09
1.942716308171595812e+09
2.021256124511340618e+09
2.099795940851085424e+09
2.178335757190830231e+09
2.256875573530574799e+09
2.335415389870319843e+09
2.413955206210064888e+09
2.492495022549809456e+09
2.571034838889554024e+09
2.649574655229299068e+09
2.728114471569044113e+09
2.806654287908788681e+09
2.885194104248533726e+09
2.963733920588278294e+09
3.042273736928023338e+09
3.120813553267767906e+09
3.199353369607512951e+09
3.277893185947257519e+09
3.356433002287002563e+09
3.434972818626747131e+09
3.513512634966492176e+09
3.592052451306237221e+09
3.670592267645981789e+09
3.749132083985726833e+09
3.827671900325471401e+09
3.906211716665216446e+09
3.984751533004961014e+09
4.063291349344706059e+09
4.141831165684450626e+09
4.220370982024195671e+09
4.298910798363940239e+09
4.377450614703684807e+09
4.455990431043430328e+09
4.534530247383174896e+09
4.613070063722919464e+09
4.691609880062664032e+09
4.770149696402409554e+09
4.848689512742154121e+09
4.927229329081898689e+09
5.005769145421644211e+09
5.084308961761388779e+09
5.162848778101133347e+09
5.241388594440877914e+09
5.319928410780622482e+09
5.398468227120368004e+09
5.477008043460112572e+09
5.555547859799858093e+09
5.634087676139602661e+09
5.712627492479347229e+09
5.791167308819091797e+09
5.869707125158836365e+09
5.948246941498580933e+09
6.026786757838326454e+09
6.105326574178071976e+09
6.183866390517816544e+09
6.262406206857561111e+09
