-8.367832169290317297e+08
-1.293029410894038200e+09
-1.622130376153071642e+09
-1.891653205938833237e+09
-2.124396323744104862e+09
-2.331401000178841591e+09
-2.519020544066875935e+09
-2.691312202945933342e+09
-2.851056162287769794e+09
-3.000257339264593124e+09
-3.140418755134685040e+09
-3.272702065249898911e+09
-3.398027464968295574e+09
-3.517138821821709633e+09
-3.630647783213153839e+09
-3.739064609502545834e+09
-3.842820315447612286e+09
-3.942282941912970066e+09
-4.037769756422191143e+09
-4.129556563622308731e+09
-4.217884921727133274e+09
-4.302967813987082481e+09
-4.384994161681753159e+09
-4.464132455724850655e+09
-4.540533708830665588e+09
-4.614333877635835648e+09
-4.685655866798863411e+09
-4.754611200122896194e+09
-4.821301424003709793e+09
-4.885819293871292114e+09
-4.948249783320196152e+09
-5.008670947306321144e+09
-5.067154664419775009e+09
-5.123767278322698593e+09
-5.178570154605259895e+09
-5.231620166298861504e+09
-5.282970118899042130e+09
-5.332669123847271919e+09
-5.380762927892895699e+09
-5.427294204521961212e+09
-5.472302812636326790e+09
-5.515826026846375465e+09
-5.557898743066747665e+09
-5.598553662547910690e+09
-5.637821457014487267e+09
-5.675730917196122169e+09
-5.712309086714193344e+09
-5.747581383016493797e+09
-5.781571706823040009e+09
-5.814302541352161407e+09
-5.845795042430957794e+09
-5.876069120453330040e+09
-5.905143515028115273e+09
-5.933035863056171417e+09
-5.959762760885822296e+09
-5.985339821118827820e+09
-6.009781724571929932e+09
-6.033102267840765953e+09
-6.055314406862013817e+09
-6.076430296825149536e+09
-6.096461328746137619e+09
-6.115418162981032372e+09
-6.133310759927147865e+09
-6.150148408132651329e+09
-6.165939750011646271e+09
-6.180692805340629578e+09
-6.194414992693321228e+09
-6.207113148953932762e+09
-6.218793547033738136e+09
-6.229461911902083397e+09
-6.239123435030571938e+09
-6.247782787337862015e+09
-6.255444130712180138e+09
-6.262111128179243088e+09
-6.267786952774462700e+09
-6.272474295170281410e+09
-6.276175370101816177e+09
-6.278891921626941681e+09
-6.280625227250079155e+09
-6.281376100932563782e+09
-6.281144895006172180e+09
-6.279931501000313759e+09
-6.277735349387439728e+09
-6.274555408245262146e+09
-6.270390180828441620e+09
-6.265237702036390305e+09
-6.259095533757683754e+09
-6.251960759065204620e+09
-6.243829975229593277e+09
-6.234699285511582375e+09
-6.224564289686494827e+09
-6.213420073246349335e+09
-6.201261195216634750e+09
-6.188081674515718460e+09
-6.173874974775040627e+09
-6.158633987527461052e+09
-6.142351013659339905e+09
-6.125017743008919716e+09
-6.106625231979188919e+09
-6.087163879017414093e+09
-6.066623397795713425e+09
-6.044992787907121658e+09
-6.022260302869220734e+09
-5.998413415202262878e+09
-5.973438778320332527e+09
-5.947322184941923141e+09
-5.920048521689859390e+09
-5.891601719508951187e+09
-5.861964699482419968e+09
-5.831119313573839188e+09
-5.799046279759138107e+09
-5.765725110941502571e+09
-5.731134036959277153e+09
-5.695249918901146889e+09
-5.658048154831534386e+09
-5.619502575899417877e+09
-5.579585331652028084e+09
-5.538266763196894646e+09
-5.495515262645985603e+09
-5.451297117027945518e+09
-5.405576334560268402e+09
-5.358314450822899818e+09
-5.309470311955387115e+09
-5.258999831495756149e+09
-5.206855716870574951e+09
-5.152987160807003975e+09
-5.097339492036458969e+09
-5.039853778554078102e+09
-4.980466375334319115e+09
-4.919108406709935188e+09
-4.855705171506152153e+09
-4.790175456360388756e+09
-4.722430739284798622e+09
-4.652374261220296860e+09
-4.579899937781052589e+09
-4.504891076175683975e+09
-4.427218852826948166e+09
-4.346740494663105965e+09
-4.263297090229626179e+09
-4.176710933937776566e+09
-4.086782275371294975e+09
-3.993285301778628349e+09
-3.895963119821865082e+09
-3.794521413185283184e+09
-3.688620321167496681e+09
-3.577863886013079166e+09
-3.461786113329657078e+09
-3.339832210837265491e+09
-3.211332790781554699e+09
-3.075467506615898132e+09
-2.931212286725441933e+09
-2.777260079637632847e+09
-2.611896748446634769e+09
-2.432796476000821114e+09
-2.236661744036537170e+09
-2.018533085022327662e+09
-1.770299089962363243e+09
-1.476856430060832500e+09
-1.102684885450565577e+09
-4.882478803731454611e+08
