-6.011799345465451479e+08
-1.156460579190837383e+09
-1.516920506566530704e+09
-1.803429391398609400e+09
-2.047273872928901196e+09
-2.262292210633470058e+09
-2.456066932375232697e+09
-2.633291951307323456e+09
-2.797114802762201786e+09
-2.949769301715229988e+09
-3.092909575359473705e+09
-3.227801627091994762e+09
-3.355440364671047688e+09
-3.476624761513449669e+09
-3.592008131724059582e+09
-3.702132912102661610e+09
-3.807455419814435959e+09
-3.908363908769698620e+09
-4.005192018789040089e+09
-4.098228979189418793e+09
-4.187727476670741081e+09
-4.273909810274062634e+09
-4.356972768832655907e+09
-4.437091541183298111e+09
-4.514422884027378082e+09
-4.589107712978462219e+09
-4.661273240360984802e+09
-4.731034753179372787e+09
-4.798497102716147423e+09
-4.863755961009778976e+09
-4.926898887357005119e+09
-4.988006238841313362e+09
-5.047151951912946701e+09
-5.104404216671728134e+09
-5.159826061327280998e+09
-5.213475861038097382e+09
-5.265407782745823860e+09
-5.315672175564656258e+09
-5.364315914638410568e+09
-5.411382705049810410e+09
-5.456913351289363861e+09
-5.500945996912410736e+09
-5.543516338292137146e+09
-5.584657815782064438e+09
-5.624401785109076500e+09
-5.662777671408199310e+09
-5.699813107967577934e+09
-5.735534061464320183e+09
-5.769964945229252815e+09
-5.803128721873234749e+09
-5.835046996433223724e+09
-5.865740101047549248e+09
-5.895227172042557716e+09
-5.923526220203562737e+09
-5.950654194908989906e+09
-5.976627042725306511e+09
-6.001459760989952087e+09
-6.025166446848280907e+09
-6.047760342157231331e+09
-6.069253874621805191e+09
-6.089658695489630699e+09
-6.108985714092953682e+09
-6.127245129495779037e+09
-6.144446459475934982e+09
-6.160598567047002792e+09
-6.175709684703083038e+09
-6.189787436549656868e+09
-6.202838858466267586e+09
-6.214870416430974007e+09
-6.225888023122270584e+09
-6.235897052901402473e+09
-6.244902355266261101e+09
-6.252908266857465744e+09
-6.259918622087464333e+09
-6.265936762454520226e+09
-6.270965544595129967e+09
-6.275007347120654106e+09
-6.278064076276676178e+09
-6.280137170456700325e+09
-6.281227603595232010e+09
-6.281335887458984375e+09
-6.280462072848798752e+09
-6.278605749718877792e+09
-6.275766046213985443e+09
-6.271941626619329453e+09
-6.267130688211867332e+09
-6.261330956995663643e+09
-6.254539682297662735e+09
-6.246753630193742752e+09
-6.237969075728084564e+09
-6.228181793881720543e+09
-6.217387049238465309e+09
-6.205579584288264275e+09
-6.192753606299143791e+09
-6.178902772679420471e+09
-6.164020174741355896e+09
-6.148098319766048431e+09
-6.131129111256784439e+09
-6.113103827254151344e+09
-6.094013096570840836e+09
-6.073846872786894798e+09
-6.052594405826974869e+09
-6.030244210919776917e+09
-6.006784034715549469e+09
-5.982200818310462952e+09
-5.956480656895796776e+09
-5.929608755714985847e+09
-5.901569381971926689e+09
-5.872345812288631439e+09
-5.841920275258623123e+09
-5.810273888583083153e+09
-5.777386590208553314e+09
-5.743237062806261063e+09
-5.707802650842091560e+09
-5.671059269380558014e+09
-5.632981303643119812e+09
-5.593541498197484970e+09
-5.552710834486200333e+09
-5.510458395204715729e+09
-5.466751213805369377e+09
-5.421554107126613617e+09
-5.374829488817210197e+09
-5.326537160831165314e+09
-5.276634079796535492e+09
-5.225074094491269112e+09
-5.171807649968812943e+09
-5.116781453035368919e+09
-5.059938092751351357e+09
-5.001215608362058640e+09
-4.940546995492604256e+09
-4.877859639484961510e+09
-4.813074662298556328e+09
-4.746106166290741920e+09
-4.676860354238116264e+09
-4.605234499879913330e+09
-4.531115736683709145e+09
-4.454379623927437782e+09
-4.374888437822817802e+09
-4.292489120222698212e+09
-4.207010796939240932e+09
-4.118261749621446133e+09
-4.026025686173087597e+09
-3.930057099782967091e+09
-3.830075427962505817e+09
-3.725757608152798176e+09
-3.616728455390783310e+09
-3.502548026773789883e+09
-3.382694729676207066e+09
-3.256542274099944592e+09
-3.123327476637621880e+09
-2.982104033084302902e+09
-2.831673956594301224e+09
-2.670481852263713360e+09
-2.496443919775461197e+09
-2.306654321825564384e+09
-2.096840258748356819e+09
-1.860238418998446465e+09
-1.584896802579409838e+09
-1.245380170322967529e+09
-7.600714814670660496e+08
