-6.243263822519804955e+09
-6.164724006180060387e+09
-6.086184189840315819e+09
-6.007644373500571251e+09
-5.929104557160826683e+09
-5.850564740821082115e+09
-5.772024924481337547e+09
-5.693485108141591072e+09
-5.614945291801846504e+09
-5.536405475462101936e+09
-5.457865659122357368e+09
-5.379325842782612801e+09
-5.300786026442868233e+09
-5.222246210103123665e+09
-5.143706393763377190e+09
-5.065166577423632622e+09
-4.986626761083888054e+09
-4.908086944744143486e+09
-4.829547128404398918e+09
-4.751007312064654350e+09
-4.672467495724909782e+09
-4.593927679385165215e+09
-4.515387863045418739e+09
-4.436848046705674171e+09
-4.358308230365929604e+09
-4.279768414026185036e+09
-4.201228597686440468e+09
-4.122688781346695900e+09
-4.044148965006951332e+09
-3.965609148667205811e+09
-3.887069332327461243e+09
-3.808529515987715721e+09
-3.729989699647971153e+09
-3.651449883308226585e+09
-3.572910066968482018e+09
-3.494370250628736496e+09
-3.415830434288991928e+09
-3.337290617949247360e+09
-3.258750801609502792e+09
-3.180210985269757271e+09
-3.101671168930012703e+09
-3.023131352590268135e+09
-2.944591536250523567e+09
-2.866051719910778046e+09
-2.787511903571033478e+09
-2.708972087231288910e+09
-2.630432270891543388e+09
-2.551892454551798820e+09
-2.473352638212054253e+09
-2.394812821872309685e+09
-2.316273005532564163e+09
-2.237733189192819595e+09
-2.159193372853075027e+09
-2.080653556513330460e+09
-2.002113740173584938e+09
-1.923573923833840370e+09
-1.845034107494095802e+09
-1.766494291154351234e+09
-1.687954474814605713e+09
-1.609414658474861145e+09
-1.530874842135116577e+09
-1.452335025795371056e+09
-1.373795209455626488e+09
-1.295255393115881920e+09
-1.216715576776137352e+09
-1.138175760436391830e+09
-1.059635944096647263e+09
-9.810961277569026947e+08
-9.025563114171581268e+08
-8.240164950774126053e+08
-7.454766787376680374e+08
-6.669368623979234695e+08
-5.883970460581789017e+08
-5.098572297184333801e+08
-4.313174133786888123e+08
-3.527775970389442444e+08
-2.742377806991987228e+08
-1.956979643594541550e+08
-1.171581480197095871e+08
-3.861833167996501923e+07
3.992148465978050232e+07
1.184613009995250702e+08
1.970011173392696381e+08
2.755409336790142059e+08
3.540807500187592506e+08
4.326205663585042953e+08
5.111603826982488632e+08
5.897001990379939079e+08
6.682400153777384758e+08
7.467798317174835205e+08
8.253196480572280884e+08
9.038594643969731331e+08
9.823992807367181778e+08
1.060939097076462746e+09
1.139478913416207790e+09
1.218018729755952358e+09
1.296558546095697403e+09
1.375098362435441971e+09
1.453638178775187016e+09
1.532177995114931583e+09
1.610717811454676628e+09
1.689257627794421196e+09
1.767797444134166241e+09
1.846337260473910809e+09
1.924877076813655853e+09
2.003416893153400421e+09
2.081956709493145466e+09
2.160496525832890511e+09
2.239036342172635078e+09
2.317576158512380123e+09
2.396115974852124691e+09
2.474655791191869736e+09
2.553195607531614304e+09
2.631735423871358871e+09
2.710275240211103916e+09
2.788815056550848961e+09
2.867354872890593529e+09
2.945894689230338573e+09
3.024434505570083618e+09
3.102974321909828186e+09
3.181514138249572754e+09
3.260053954589317799e+09
3.338593770929062843e+09
3.417133587268807411e+09
3.495673403608551979e+09
3.574213219948297024e+09
3.652753036288042068e+09
3.731292852627786636e+09
3.809832668967531681e+09
3.888372485307276249e+09
3.966912301647021294e+09
4.045452117986765862e+09
4.123991934326510906e+09
4.202531750666255474e+09
4.281071567006000519e+09
4.359611383345745087e+09
4.438151199685489655e+09
4.516691016025235176e+09
4.595230832364979744e+09
4.673770648704724312e+09
4.752310465044469833e+09
4.830850281384214401e+09
4.909390097723958969e+09
4.987929914063703537e+09
5.066469730403449059e+09
5.145009546743193626e+09
5.223549363082938194e+09
5.302089179422682762e+09
5.380628995762428284e+09
5.459168812102172852e+09
5.537708628441917419e+09
5.616248444781661987e+09
5.694788261121407509e+09
5.773328077461152077e+09
5.851867893800896645e+09
5.930407710140642166e+09
6.008947526480386734e+09
6.087487342820131302e+09
6.166027159159875870e+09
6.244566975499620438e+09
