-1.342277082898877561e+08
-9.991521012471154928e+08
-1.402232419992826700e+09
-1.709347709633704185e+09
-1.965997563497905016e+09
-2.189996858771268845e+09
-2.390541582502800465e+09
-2.573121619438264370e+09
-2.741328815312901497e+09
-2.897667246839725971e+09
-3.043966206719325066e+09
-3.181610921591354847e+09
-3.311680666916453362e+09
-3.435036043095565319e+09
-3.552376583303312302e+09
-3.664280168919459343e+09
-3.771230822632018089e+09
-3.873638815545630932e+09
-3.971855539106676102e+09
-4.066184718905631065e+09
-4.156891014627346039e+09
-4.244206715184370995e+09
-4.328337021240523338e+09
-4.409464263622634888e+09
-4.487751308772307396e+09
-4.563344335145952225e+09
-4.636375117193213463e+09
-4.706962919765437126e+09
-4.775216081316507339e+09
-4.841233346264092445e+09
-4.905104993493382454e+09
-4.966913797913814545e+09
-5.026735854321191788e+09
-5.084641286937397957e+09
-5.140694863443778038e+09
-5.194956528763711929e+09
-5.247481871045467377e+09
-5.298322530070776939e+09
-5.347526556536113739e+09
-5.395138729222911835e+09
-5.441200835914962769e+09
-5.485751922978380203e+09
-5.528828517747583389e+09
-5.570464827225419998e+09
-5.610692916080040932e+09
-5.649542866484386444e+09
-5.687042921979498863e+09
-5.723219617237158775e+09
-5.758097895339920998e+09
-5.791701213979053497e+09
-5.824051641786282539e+09
-5.855169945858035088e+09
-5.885075671396547318e+09
-5.913787214277030945e+09
-5.941321887251026154e+09
-5.967695980410558701e+09
-5.992924816463763237e+09
-6.017022801308363914e+09
-6.040003470333515167e+09
-6.061879530831646919e+09
-6.082662900859223366e+09
-6.102364744847788811e+09
-6.120995506233599663e+09
-6.138564937344988823e+09
-6.155082126760720253e+09
-6.170555524329709053e+09
-6.184992964021961212e+09
-6.198401684762376785e+09
-6.210788349382678032e+09
-6.222159061811967850e+09
-6.232519382613151550e+09
-6.241874342960379601e+09
-6.250228457141719818e+09
-6.257585733661177635e+09
-6.263949685005002975e+09
-6.269323336128651619e+09
-6.273709231712841988e+09
-6.277109442229697227e+09
-6.279525568852964401e+09
-6.280958747239604950e+09
-6.281409650203679085e+09
-6.280878489297238350e+09
-6.279365015306900978e+09
-6.276868517668849945e+09
-6.273387822799026489e+09
-6.268921291329354286e+09
-6.263466814234791756e+09
-6.257021807829760551e+09
-6.249583207606128693e+09
-6.241147460878204346e+09
-6.231710518193142891e+09
-6.221267823457713127e+09
-6.209814302724368095e+09
-6.197344351570972443e+09
-6.183851820999252319e+09
-6.169330001766930580e+09
-6.153771607057412148e+09
-6.137168753378793716e+09
-6.119512939570493698e+09
-6.100795023781002045e+09
-6.081005198263689041e+09
-6.060132961819205284e+09
-6.038167089692356110e+09
-6.015095600708167076e+09
-5.990905721405759811e+09
-5.965583846899180412e+09
-5.939115498160919189e+09
-5.911485275385929108e+09
-5.882676807050744057e+09
-5.852672694232904434e+09
-5.821454449699387550e+09
-5.789002431207711220e+09
-5.755295768388573647e+09
-5.720312282492336273e+09
-5.684028398181398392e+09
-5.646419046433866501e+09
-5.607457557487913132e+09
-5.567115542596914291e+09
-5.525362763178413391e+09
-5.482166985719396591e+09
-5.437493820539332390e+09
-5.391306542202343941e+09
-5.343565888999855042e+09
-5.294229838481745720e+09
-5.243253355480425835e+09
-5.190588108426796913e+09
-5.136182148972642899e+09
-5.079979548975314140e+09
-5.021919987722652435e+09
-4.961938280820082664e+09
-4.899963840350852966e+09
-4.835920053652937889e+09
-4.769723565197257042e+09
-4.701283442419959068e+09
-4.630500201710905075e+09
-4.557264664754071236e+09
-4.481456607587090492e+09
-4.402943154442784309e+09
-4.321576854728120804e+09
-4.237193363051497459e+09
-4.149608617080912590e+09
-4.058615373315793991e+09
-3.963978912226587296e+09
-3.865431654956208706e+09
-3.762666333359436989e+09
-3.655327206660744190e+09
-3.542998593537763119e+09
-3.425189640642623425e+09
-3.301313694488779068e+09
-3.170659732448657036e+09
-3.032351754500502110e+09
-2.885289271732004642e+09
-2.728056853260203838e+09
-2.558780413041876316e+09
-2.374885934989761829e+09
-2.172664769529867649e+09
-1.946413160610813618e+09
-1.686487230114812851e+09
-1.373905803678085327e+09
-9.584665523214435577e+08
