-5.777451762581648827e+08
-1.144604832857948065e+09
-1.508016562446382999e+09
-1.796043060820669413e+09
-2.040855309552883863e+09
-2.256562232077136040e+09
-2.450860831308528423e+09
-2.628502903963843346e+09
-2.792668833275622368e+09
-2.945612653260833263e+09
-3.089001713863277912e+09
-3.224111081825321198e+09
-3.351942114975446224e+09
-3.473298520260232925e+09
-3.588837175748771191e+09
-3.699103260484837532e+09
-3.804555241276084423e+09
-3.905583084586952686e+09
-4.002521814031846046e+09
-4.095661791150298595e+09
-4.185256639403943539e+09
-4.271529440652347088e+09
-4.354677643815136909e+09
-4.434876998883463860e+09
-4.512284743165758133e+09
-4.587042206704227448e+09
-4.659276961424823761e+09
-4.729104608162198067e+09
-4.796630273547917366e+09
-4.861949872406176567e+09
-4.925151179097262383e+09
-4.986314742034892082e+09
-5.045514668574899673e+09
-5.102819302059704781e+09
-5.158291808597141266e+09
-5.211990687856824875e+09
-5.263970219565341949e+09
-5.314280855311842918e+09
-5.362969563618256569e+09
-5.410080134892295837e+09
-5.455653451797990799e+09
-5.499727729694721222e+09
-5.542338731070975304e+09
-5.583519957301526070e+09
-5.623302820561779976e+09
-5.661716798321015358e+09
-5.698789572491800308e+09
-5.734547155023736954e+09
-5.769014001485785484e+09
-5.802213113975207329e+09
-5.834166134515827179e+09
-5.864893429958932877e+09
-5.894414169272313118e+09
-5.922746393993211746e+09
-5.949907082526552200e+09
-5.975912208888136864e+09
-6.000776796421909332e+09
-6.024514966958878517e+09
-6.047139985831824303e+09
-6.068664303113110542e+09
-6.089099591401932716e+09
-6.108456780451318741e+09
-6.126746088893420219e+09
-6.143977053293622971e+09
-6.160158554739074707e+09
-6.175298843145168304e+09
-6.189405559443793297e+09
-6.202485755799530029e+09
-6.214545913984144211e+09
-6.225591962025509834e+09
-6.235629289234156609e+09
-6.244662759699017525e+09
-6.252696724333210945e+09
-6.259735031540985107e+09
-6.265781036567924500e+09
-6.270837609588183403e+09
-6.274907142574758530e+09
-6.277991554991486549e+09
-6.280092298338597298e+09
-6.281210359577026367e+09
-6.281346263450406075e+09
-6.280500073717509270e+09
-6.278671393301893234e+09
-6.275859363359577179e+09
-6.272062661259632111e+09
-6.267279497466588974e+09
-6.261507611307480812e+09
-6.254744265600042343e+09
-6.246986240112133980e+09
-6.238229823815623283e+09
-6.228470805890777588e+09
-6.217704465429613113e+09
-6.205925559778464317e+09
-6.193128311451213837e+09
-6.179306393535128593e+09
-6.164452913500784874e+09
-6.148560395316220284e+09
-6.131620759752891541e+09
-6.113625302757173538e+09
-6.094564671745759010e+09
-6.074428839666234970e+09
-6.053207076644983292e+09
-6.030887919023165703e+09
-6.007459135557467461e+09
-5.982907690535164833e+09
-5.957219703522390366e+09
-5.930380405429707527e+09
-5.902374090539541245e+09
-5.873184064094958305e+09
-5.842792584997699738e+09
-5.811180803104294777e+09
-5.778328690541088104e+09
-5.744214966380640030e+09
-5.708817013931260109e+09
-5.672110789786228180e+09
-5.634070723656769753e+09
-5.594669607869791031e+09
-5.553878475243778229e+09
-5.511666463859096527e+09
-5.468000667006228447e+09
-5.422845966319780350e+09
-5.376164845778029442e+09
-5.327917183855895042e+09
-5.278060020648969650e+09
-5.226547296219342232e+09
-5.173329555727245331e+09
-5.118353616076466560e+09
-5.061562187777965546e+09
-5.002893444476199150e+09
-4.942280531022174835e+09
-4.879650999032345772e+09
-4.814926156431949615e+09
-4.748020314396975517e+09
-4.678839911180849075e+09
-4.607282487268379211e+09
-4.533235479767142296e+09
-4.456574795405997276e+09
-4.377163110231901169e+09
-4.294847829038958073e+09
-4.209458617224420547e+09
-4.120804389939888477e+09
-4.028669604803727150e+09
-3.932809650070750237e+09
-3.832945042289082527e+09
-3.728754033886644363e+09
-3.619863062015197277e+09
-3.505834212388940334e+09
-3.386148469318818092e+09
-3.260182875588760853e+09
-3.127178649005021572e+09
-2.986195441996752739e+09
-2.836043569360338211e+09
-2.675179625990879536e+09
-2.501537912929148674e+09
-2.312241514813228130e+09
-2.103067452633954525e+09
-1.867347742743543863e+09
-1.593344115007545948e+09
-1.256250906398716688e+09
-7.779782807538011074e+08
