-6.262883528130169868e+09
-6.184343711790425301e+09
-6.105803895450679779e+09
-6.027264079110935211e+09
-5.948724262771189690e+09
-5.870184446431445122e+09
-5.791644630091700554e+09
-5.713104813751955986e+09
-5.634564997412210464e+09
-5.556025181072465897e+09
-5.477485364732721329e+09
-5.398945548392976761e+09
-5.320405732053231239e+09
-5.241865915713486671e+09
-5.163326099373742104e+09
-5.084786283033997536e+09
-5.006246466694252014e+09
-4.927706650354507446e+09
-4.849166834014762878e+09
-4.770627017675017357e+09
-4.692087201335272789e+09
-4.613547384995528221e+09
-4.535007568655783653e+09
-4.456467752316038132e+09
-4.377927935976293564e+09
-4.299388119636548996e+09
-4.220848303296804428e+09
-4.142308486957058907e+09
-4.063768670617314339e+09
-3.985228854277569771e+09
-3.906689037937825203e+09
-3.828149221598079681e+09
-3.749609405258335114e+09
-3.671069588918590546e+09
-3.592529772578845024e+09
-3.513989956239100456e+09
-3.435450139899355888e+09
-3.356910323559611320e+09
-3.278370507219865799e+09
-3.199830690880121231e+09
-3.121290874540376663e+09
-3.042751058200632095e+09
-2.964211241860886574e+09
-2.885671425521142006e+09
-2.807131609181397438e+09
-2.728591792841652870e+09
-2.650051976501907349e+09
-2.571512160162162781e+09
-2.492972343822418213e+09
-2.414432527482672691e+09
-2.335892711142928123e+09
-2.257352894803183556e+09
-2.178813078463438988e+09
-2.100273262123693466e+09
-2.021733445783948898e+09
-1.943193629444204330e+09
-1.864653813104459763e+09
-1.786113996764714718e+09
-1.707574180424969673e+09
-1.629034364085225105e+09
-1.550494547745480061e+09
-1.471954731405735493e+09
-1.393414915065990448e+09
-1.314875098726245880e+09
-1.236335282386500835e+09
-1.157795466046755791e+09
-1.079255649707011223e+09
-1.000715833367266178e+09
-9.221760170275216103e+08
-8.436362006877765656e+08
-7.650963843480319977e+08
-6.865565680082869530e+08
-6.080167516685423851e+08
-5.294769353287973404e+08
-4.509371189890527725e+08
-3.723973026493077278e+08
-2.938574863095631599e+08
-2.153176699698181152e+08
-1.367778536300735474e+08
-5.823803729032850266e+07
2.030177904941654205e+07
9.884159538916110992e+07
1.773814117289061546e+08
2.559212280686507225e+08
3.344610444083955288e+08
4.130008607481403351e+08
4.915406770878851414e+08
5.700804934276299477e+08
6.486203097673749924e+08
7.271601261071197987e+08
8.056999424468646049e+08
8.842397587866094112e+08
9.627795751263542175e+08
1.041319391466099024e+09
1.119859207805843830e+09
1.198399024145588636e+09
1.276938840485333443e+09
1.355478656825078249e+09
1.434018473164823055e+09
1.512558289504567862e+09
1.591098105844312668e+09
1.669637922184057713e+09
1.748177738523802280e+09
1.826717554863547325e+09
1.905257371203291893e+09
1.983797187543036938e+09
2.062337003882781744e+09
2.140876820222526550e+09
2.219416636562271118e+09
2.297956452902016163e+09
2.376496269241760731e+09
2.455036085581505775e+09
2.533575901921250820e+09
2.612115718260995388e+09
2.690655534600740433e+09
2.769195350940485001e+09
2.847735167280230045e+09
2.926274983619974613e+09
3.004814799959719658e+09
3.083354616299464226e+09
3.161894432639209270e+09
3.240434248978953838e+09
3.318974065318698883e+09
3.397513881658443451e+09
3.476053697998188496e+09
3.554593514337933540e+09
3.633133330677678108e+09
3.711673147017422676e+09
3.790212963357167721e+09
3.868752779696912766e+09
3.947292596036657333e+09
4.025832412376401901e+09
4.104372228716146946e+09
4.182912045055891991e+09
4.261451861395636559e+09
4.339991677735382080e+09
4.418531494075126648e+09
4.497071310414871216e+09
4.575611126754615784e+09
4.654150943094360352e+09
4.732690759434104919e+09
4.811230575773850441e+09
4.889770392113595009e+09
4.968310208453340530e+09
5.046850024793085098e+09
5.125389841132829666e+09
5.203929657472574234e+09
5.282469473812318802e+09
5.361009290152064323e+09
5.439549106491808891e+09
5.518088922831554413e+09
5.596628739171298981e+09
5.675168555511043549e+09
5.753708371850788116e+09
5.832248188190532684e+09
5.910788004530277252e+09
5.989327820870022774e+09
6.067867637209767342e+09
6.146407453549512863e+09
6.224947269889257431e+09
