-4.820865124153250456e+08
-1.100004703087764740e+09
-1.474881786000586987e+09
-1.768673291774370432e+09
-2.017125959848403454e+09
-2.235408700271903992e+09
-2.431659920940209866e+09
-2.610852519668854237e+09
-2.776291552109416962e+09
-2.930307437738513470e+09
-3.074617304887849808e+09
-3.210530245592562199e+09
-3.339071778011382580e+09
-3.461063306855017662e+09
-3.577175014435680866e+09
-3.687962302986065388e+09
-3.793891644088994980e+09
-3.895359375003664494e+09
-3.992705662613789558e+09
-4.086225073415088654e+09
-4.176174707485631943e+09
-4.262780550154781342e+09
-4.346242497216616631e+09
-4.426738377738650322e+09
-4.504427208844130516e+09
-4.579451854655213356e+09
-4.651941217699709892e+09
-4.722012059626753807e+09
-4.789770525201198578e+09
-4.855313426691470146e+09
-4.918729333195048332e+09
-4.980099499965336800e+09
-5.039498665579266548e+09
-5.096995739226594925e+09
-5.152654396086697578e+09
-5.206533595380682945e+09
-5.258688033021399498e+09
-5.309168538665530205e+09
-5.358022425276693344e+09
-5.405293797942774773e+09
-5.451023827583947182e+09
-5.495250994285511971e+09
-5.538011304250156403e+09
-5.579338483754839897e+09
-5.619264152992955208e+09
-5.657817982262609482e+09
-5.695027832611120224e+09
-5.730919882751380920e+09
-5.765518743817727089e+09
-5.798847563318991661e+09
-5.830928119468317032e+09
-5.861780906917339325e+09
-5.891425214792567253e+09
-5.919879197820279121e+09
-5.947159941230397224e+09
-5.973283520046946526e+09
-5.998265053300993919e+09
-6.022118753639632225e+09
-6.044857972750308990e+09
-6.066495242972372055e+09
-6.087042315426147461e+09
-6.106510194953353882e+09
-6.124909172130523682e+09
-6.142248852588652611e+09
-6.158538183847143173e+09
-6.173785479847721100e+09
-6.187998443354076385e+09
-6.201184186365136147e+09
-6.213349248673876762e+09
-6.224499614689205170e+09
-6.234640728625391006e+09
-6.243777508151748657e+09
-6.251914356584502220e+09
-6.259055173692894936e+09
-6.265203365182556152e+09
-6.270361850910718918e+09
-6.274533071880074501e+09
-6.277718996050695419e+09
-6.279921123002527237e+09
-6.281140487474352837e+09
-6.281377661798755646e+09
-6.280632757246510506e+09
-6.278905424287742615e+09
-6.276194851771319389e+09
-6.272499765017949104e+09
-6.267818422816528320e+09
-6.262148613307173729e+09
-6.255487648728137970e+09
-6.247832358997339249e+09
-6.239179084092461586e+09
-6.229523665186455727e+09
-6.218861434487665176e+09
-6.207187203725733757e+09
-6.194495251215683937e+09
-6.180779307423089981e+09
-6.166032538943001747e+09
-6.150247530793939590e+09
-6.133416266915906906e+09
-6.115530108747646332e+09
-6.096579771743169785e+09
-6.076555299670662880e+09
-6.055446036518026352e+09
-6.033240595808092117e+09
-6.009926827102832794e+09
-5.985491779449078560e+09
-5.959921661487952232e+09
-5.933201797915925026e+09
-5.905316581946378708e+09
-5.876249423376070023e+09
-5.845982691810073853e+09
-5.814497654540499687e+09
-5.781774408507271767e+09
-5.747791805692069054e+09
-5.712527371207145691e+09
-5.675957213237197876e+09
-5.638055923871860504e+09
-5.598796469725651741e+09
-5.558150071077326775e+09
-5.516086068066741943e+09
-5.472571772258611679e+09
-5.427572301611664772e+09
-5.381050396569538116e+09
-5.332966214605043411e+09
-5.283277100088084221e+09
-5.231937325791479111e+09
-5.178897801675919533e+09
-5.124105745776124954e+09
-5.067504311008206367e+09
-5.009032160485322952e+09
-4.948622982402719498e+09
-4.886204933652615547e+09
-4.821699998946074486e+09
-4.755023249209263802e+09
-4.686081979191498756e+09
-4.614774699309235573e+09
-4.540989950392381668e+09
-4.464604901695468903e+09
-4.385483681581822395e+09
-4.303475375681419373e+09
-4.218411607616171360e+09
-4.130103590461626053e+09
-4.038338499818434238e+09
-3.942874966922770500e+09
-3.843437415251522064e+09
-3.739708854927481174e+09
-3.631321587079470158e+09
-3.517845023939280033e+09
-3.398769446522958755e+09
-3.273483906067087650e+09
-3.141245455299719334e+09
-3.001135140592751503e+09
-2.851993030892406464e+09
-2.692318584216153622e+09
-2.520110605523323059e+09
-2.332594813448153496e+09
-2.125724031448569536e+09
-1.893163951307260990e+09
-1.623914969965894938e+09
-1.295296455383080006e+09
-8.403267099618215561e+08
