-6.268220404343203545e+09
-6.189680588003458977e+09
-6.111140771663713455e+09
-6.032600955323968887e+09
-5.954061138984224319e+09
-5.875521322644479752e+09
-5.796981506304735184e+09
-5.718441689964990616e+09
-5.639901873625245094e+09
-5.561362057285500526e+09
-5.482822240945755005e+09
-5.404282424606010437e+09
-5.325742608266265869e+09
-5.247202791926521301e+09
-5.168662975586776733e+09
-5.090123159247031212e+09
-5.011583342907286644e+09
-4.933043526567541122e+09
-4.854503710227796555e+09
-4.775963893888051987e+09
-4.697424077548307419e+09
-4.618884261208562851e+09
-4.540344444868818283e+09
-4.461804628529072762e+09
-4.383264812189328194e+09
-4.304724995849582672e+09
-4.226185179509838104e+09
-4.147645363170093536e+09
-4.069105546830348969e+09
-3.990565730490603924e+09
-3.912025914150858879e+09
-3.833486097811114311e+09
-3.754946281471369743e+09
-3.676406465131624699e+09
-3.597866648791879654e+09
-3.519326832452135086e+09
-3.440787016112390041e+09
-3.362247199772645473e+09
-3.283707383432900429e+09
-3.205167567093155861e+09
-3.126627750753410816e+09
-3.048087934413666248e+09
-2.969548118073921204e+09
-2.891008301734176636e+09
-2.812468485394431591e+09
-2.733928669054687023e+09
-2.655388852714941978e+09
-2.576849036375196934e+09
-2.498309220035452366e+09
-2.419769403695707321e+09
-2.341229587355962753e+09
-2.262689771016217709e+09
-2.184149954676473141e+09
-2.105610138336728096e+09
-2.027070321996983528e+09
-1.948530505657238483e+09
-1.869990689317493916e+09
-1.791450872977748871e+09
-1.712911056638004065e+09
-1.634371240298259258e+09
-1.555831423958514452e+09
-1.477291607618769646e+09
-1.398751791279024839e+09
-1.320211974939280033e+09
-1.241672158599535227e+09
-1.163132342259790421e+09
-1.084592525920045614e+09
-1.006052709580300808e+09
-9.275128932405560017e+08
-8.489730769008111954e+08
-7.704332605610661507e+08
-6.918934442213213444e+08
-6.133536278815765381e+08
-5.348138115418317318e+08
-4.562739952020869255e+08
-3.777341788623423576e+08
-2.991943625225973129e+08
-2.206545461828527451e+08
-1.421147298431077003e+08
-6.357491350336265564e+07
1.496490283638191223e+07
9.350471917612695694e+07
1.720445355158715248e+08
2.505843518556165695e+08
3.291241681953611374e+08
4.076639845351061821e+08
4.862038008748507500e+08
5.647436172145957947e+08
6.432834335543403625e+08
7.218232498940854073e+08
8.003630662338299751e+08
8.789028825735750198e+08
9.574426989133195877e+08
1.035982515253064632e+09
1.114522331592809677e+09
1.193062147932554245e+09
1.271601964272299290e+09
1.350141780612043858e+09
1.428681596951788902e+09
1.507221413291533470e+09
1.585761229631278515e+09
1.664301045971023560e+09
1.742840862310768127e+09
1.821380678650512695e+09
1.899920494990257263e+09
1.978460311330002785e+09
2.057000127669747353e+09
2.135539944009491920e+09
2.214079760349236488e+09
2.292619576688982010e+09
2.371159393028726578e+09
2.449699209368471146e+09
2.528239025708216667e+09
2.606778842047961235e+09
2.685318658387705803e+09
2.763858474727450371e+09
2.842398291067195892e+09
2.920938107406940460e+09
2.999477923746685028e+09
3.078017740086429596e+09
3.156557556426175117e+09
3.235097372765919685e+09
3.313637189105664253e+09
3.392177005445408821e+09
3.470716821785154343e+09
3.549256638124898911e+09
3.627796454464643478e+09
3.706336270804389000e+09
3.784876087144133568e+09
3.863415903483878136e+09
3.941955719823622704e+09
4.020495536163368225e+09
4.099035352503112793e+09
4.177575168842857361e+09
4.256114985182601929e+09
4.334654801522347450e+09
4.413194617862092018e+09
4.491734434201836586e+09
4.570274250541581154e+09
4.648814066881326675e+09
4.727353883221071243e+09
4.805893699560815811e+09
4.884433515900561333e+09
4.962973332240305901e+09
5.041513148580050468e+09
5.120052964919795036e+09
5.198592781259540558e+09
5.277132597599285126e+09
5.355672413939029694e+09
5.434212230278774261e+09
5.512752046618519783e+09
5.591291862958264351e+09
5.669831679298008919e+09
5.748371495637753487e+09
5.826911311977499008e+09
5.905451128317243576e+09
5.983990944656989098e+09
6.062530760996733665e+09
6.141070577336478233e+09
6.219610393676222801e+09
