-4.068543411990355849e+08
-1.069566132069511056e+09
-1.452610051351156712e+09
-1.750383731129067421e+09
-2.001317927170707703e+09
-2.221343440246698856e+09
-2.418909445997898579e+09
-2.599142576090684414e+09
-2.765433844490847588e+09
-2.920166015856317997e+09
-3.065090172664998055e+09
-3.201538531311400414e+09
-3.330552981544387341e+09
-3.452966891352347851e+09
-3.569459418059746742e+09
-3.680592848451727390e+09
-3.786839036646686077e+09
-3.888598598128515720e+09
-3.986215149707994938e+09
-4.079986075546662331e+09
-4.170170803222142696e+09
-4.256997260268886566e+09
-4.340666978049092293e+09
-4.421359174418373108e+09
-4.499234054658617973e+09
-4.574435506429704666e+09
-4.647093319578204155e+09
-4.717325029479165077e+09
-4.785237459220959663e+09
-4.850928018741462708e+09
-4.914485806204868317e+09
-4.975992547247824669e+09
-5.035523400366769791e+09
-5.093147651061705589e+09
-5.148929312962848663e+09
-5.202927650732748032e+09
-5.255197636828644753e+09
-5.305790352058586121e+09
-5.354753338144085884e+09
-5.402130909116431236e+09
-5.447964427251305580e+09
-5.492292548331599236e+09
-5.535151440278812408e+09
-5.576574978576102257e+09
-5.616594921395001411e+09
-5.655241066912872314e+09
-5.692541394953065872e+09
-5.728522194781930923e+09
-5.763208180645812988e+09
-5.796622596418978691e+09
-5.828787310553199768e+09
-5.859722902366250038e+09
-5.889448740575278282e+09
-5.917983054868488312e+09
-5.945343001211622238e+09
-5.971544721502144814e+09
-5.996603398111539841e+09
-6.020533303793297768e+09
-6.043347847379319191e+09
-6.065059615639643669e+09
-6.085680411638471603e+09
-6.105221289882630348e+09
-6.123692588526198387e+09
-6.141103958866345406e+09
-6.157464392340060234e+09
-6.172782245208900452e+09
-6.187065261098783493e+09
-6.200320591543885231e+09
-6.212554814667594910e+09
-6.223773952118967056e+09
-6.233983484370023727e+09
-6.243188364467352867e+09
-6.251393030320640564e+09
-6.258601415600858688e+09
-6.264816959311684608e+09
-6.270042614089330673e+09
-6.274280853278060913e+09
-6.277533676821321487e+09
-6.279802616001445770e+09
-6.281088737054270744e+09
-6.281392643678635597e+09
-6.280714478454562187e+09
-6.279053923177926064e+09
-6.276410198113414764e+09
-6.272782060161718369e+09
-6.268167799930849075e+09
-6.262565237695478439e+09
-6.255971718221906662e+09
-6.248384104429841995e+09
-6.239798769855428696e+09
-6.230211589872832298e+09
-6.219617931624163628e+09
-6.208012642599445343e+09
-6.195390037799630165e+09
-6.181743885406277657e+09
-6.167067390871251106e+09
-6.151353179328577995e+09
-6.134593276218295097e+09
-6.116779085998469353e+09
-6.097901368806521416e+09
-6.077950214914175034e+09
-6.056915016801600456e+09
-6.034784438655355453e+09
-6.011546383071128845e+09
-5.987187954715715408e+09
-5.961695420672626495e+09
-5.935054167161713600e+09
-5.907248652284488678e+09
-5.878262354402773857e+09
-5.848077715707906723e+09
-5.816676080480038643e+09
-5.784037627470664024e+09
-5.750141295765082359e+09
-5.714964703393019676e+09
-5.678484057853101730e+09
-5.640674057597569466e+09
-5.601507783384332657e+09
-5.560956578240378380e+09
-5.518989914588832855e+09
-5.475575246865867615e+09
-5.430677847685848236e+09
-5.384260625294806480e+09
-5.336283919672273636e+09
-5.286705274185841560e+09
-5.235479179153951645e+09
-5.182556783008105278e+09
-5.127885565937557220e+09
-5.071408969911299706e+09
-5.013065977756674767e+09
-4.952790632470227242e+09
-4.890511486064295769e+09
-4.826150964906444550e+09
-4.759624635547079086e+09
-4.690840351263785362e+09
-4.619697254721468925e+09
-4.546084605901679993e+09
-4.469880396302572250e+09
-4.390949699664354324e+09
-4.309142695155681610e+09
-4.224292279653868675e+09
-4.136211159403208733e+09
-4.044688274873433590e+09
-3.949484361422925949e+09
-3.850326375237368584e+09
-3.746900407679852486e+09
-3.638842553449241161e+09
-3.525726958658763409e+09
-3.407049902735796452e+09
-3.282208172396970749e+09
-3.150469001381471634e+09
-3.010927160341196060e+09
-2.862441754096261024e+09
-2.703539572635417938e+09
-2.532260381658322811e+09
-2.345894723708981991e+09
-2.140505656015319347e+09
-1.909965933371622801e+09
-1.643726943365394354e+09
-1.320367243061258078e+09
-8.789562237402266264e+08
