-6.249622858931164742e+09
-6.144903103811505318e+09
-6.040183348691844940e+09
-5.935463593572185516e+09
-5.830743838452526093e+09
-5.726024083332866669e+09
-5.621304328213206291e+09
-5.516584573093546867e+09
-5.411864817973886490e+09
-5.307145062854227066e+09
-5.202425307734567642e+09
-5.097705552614907265e+09
-4.992985797495247841e+09
-4.888266042375588417e+09
-4.783546287255928040e+09
-4.678826532136268616e+09
-4.574106777016609192e+09
-4.469387021896948814e+09
-4.364667266777289391e+09
-4.259947511657629490e+09
-4.155227756537970066e+09
-4.050508001418310165e+09
-3.945788246298650265e+09
-3.841068491178990364e+09
-3.736348736059330940e+09
-3.631628980939671040e+09
-3.526909225820011139e+09
-3.422189470700351715e+09
-3.317469715580691814e+09
-3.212749960461031914e+09
-3.108030205341372490e+09
-3.003310450221712589e+09
-2.898590695102052689e+09
-2.793870939982393265e+09
-2.689151184862733364e+09
-2.584431429743073463e+09
-2.479711674623414040e+09
-2.374991919503754139e+09
-2.270272164384094238e+09
-2.165552409264434814e+09
-2.060832654144774914e+09
-1.956112899025115013e+09
-1.851393143905455589e+09
-1.746673388785795689e+09
-1.641953633666135788e+09
-1.537233878546475887e+09
-1.432514123426816463e+09
-1.327794368307156563e+09
-1.223074613187496662e+09
-1.118354858067837238e+09
-1.013635102948177338e+09
-9.089153478285174370e+08
-8.041955927088580132e+08
-6.994758375891981125e+08
-5.947560824695382118e+08
-4.900363273498787880e+08
-3.853165722302188873e+08
-2.805968171105589867e+08
-1.758770619908990860e+08
-7.115730687123966217e+07
3.356244824841976166e+07
1.382822033680801392e+08
2.430019584877395630e+08
3.477217136073989868e+08
4.524414687270593643e+08
5.571612238467187881e+08
6.618809789663782120e+08
7.666007340860385895e+08
8.713204892056980133e+08
9.760402443253583908e+08
1.080759999445017815e+09
1.185479754564677238e+09
1.290199509684337616e+09
1.394919264803997040e+09
1.499639019923656464e+09
1.604358775043316841e+09
1.709078530162976265e+09
1.813798285282635689e+09
1.918518040402296066e+09
2.023237795521955490e+09
2.127957550641614914e+09
2.232677305761275291e+09
2.337397060880934715e+09
2.442116816000594139e+09
2.546836571120254517e+09
2.651556326239913940e+09
2.756276081359573364e+09
2.860995836479233742e+09
2.965715591598893166e+09
3.070435346718552589e+09
3.175155101838212967e+09
3.279874856957872391e+09
3.384594612077531815e+09
3.489314367197192192e+09
3.594034122316851616e+09
3.698753877436511040e+09
3.803473632556171417e+09
3.908193387675830841e+09
4.012913142795491219e+09
4.117632897915150642e+09
4.222352653034810066e+09
4.327072408154469490e+09
4.431792163274128914e+09
4.536511918393790245e+09
4.641231673513449669e+09
4.745951428633109093e+09
4.850671183752768517e+09
4.955390938872427940e+09
5.060110693992087364e+09
5.164830449111748695e+09
5.269550204231408119e+09
5.374269959351067543e+09
5.478989714470726967e+09
5.583709469590386391e+09
5.688429224710045815e+09
5.793148979829707146e+09
5.897868734949366570e+09
6.002588490069025993e+09
6.107308245188685417e+09
6.212028000308344841e+09
