-6.311351784697394371e+08
-1.302414426035240412e+09
-1.724036718449681520e+09
-2.055818431125699759e+09
-2.336352666599132538e+09
-2.582395339499547005e+09
-2.803043906539540768e+09
-3.003899489044742584e+09
-3.188704546419039249e+09
-3.360108446791409969e+09
-3.520069375711204052e+09
-3.670083867054827690e+09
-3.811326582489057541e+09
-3.944739863582221031e+09
-4.071093515267980576e+09
-4.191026100438253880e+09
-4.305074294925432205e+09
-4.413694273607552528e+09
-4.517277625152105331e+09
-4.616163416767104149e+09
-4.710647490916021347e+09
-4.800989733671925545e+09
-4.887419831337225914e+09
-4.970141883130594254e+09
-5.049338136322899818e+09
-5.125172039763745308e+09
-5.197790761968267441e+09
-5.267327284212043762e+09
-5.333902153075357437e+09
-5.397624957695246696e+09
-5.458595582662508011e+09
-5.516905276689643860e+09
-5.572637568929525375e+09
-5.625869058474332809e+09
-5.676670097630153656e+09
-5.725105385696681976e+09
-5.771234486928539276e+09
-5.815112283926154137e+09
-5.856789375758679390e+09
-5.896312428552779198e+09
-5.933724485008347511e+09
-5.969065238263402939e+09
-6.002371274677771568e+09
-6.033676289401390076e+09
-6.063011278009265900e+09
-6.090404706998209000e+09
-6.115882665532398224e+09
-6.139469000481130600e+09
-6.161185436501098633e+09
-6.181051682668010712e+09
-6.199085526950585365e+09
-6.215302919637846947e+09
-6.229718046673110008e+09
-6.242343393710880280e+09
-6.253189801592660904e+09
-6.262266513831427574e+09
-6.269581216599856377e+09
-6.275140071632218361e+09
-6.278947742372318268e+09
-6.281007413628470421e+09
-6.281320804929847717e+09
-6.279888177715320587e+09
-6.276708336425080299e+09
-6.271778623505688667e+09
-6.265094908279767990e+09
-6.256651569571268082e+09
-6.246441471914988518e+09
-6.234455935113802910e+09
-6.220684696837424278e+09
-6.205115867881458282e+09
-6.187735879623223305e+09
-6.168529423119764328e+09
-6.147479379191708565e+09
-6.124566738721658707e+09
-6.099770512265145302e+09
-6.073067627922356606e+09
-6.044432816246114731e+09
-6.013838480761081696e+09
-5.981254552435292244e+09
-5.946648326170670509e+09
-5.909984277055592537e+09
-5.871223853739146233e+09
-5.830325245829957008e+09
-5.787243121675820351e+09
-5.741928332222668648e+09
-5.694327575855999947e+09
-5.644383018160806656e+09
-5.592031859353580475e+09
-5.537205840685733795e+09
-5.479830679318322182e+09
-5.419825418927046776e+09
-5.357101680486618042e+09
-5.291562794134897232e+09
-5.223102788501125336e+09
-5.151605208087971687e+09
-5.076941721797223091e+09
-4.998970475890705109e+09
-4.917534131747728348e+09
-4.832457511531394005e+09
-4.743544751594935417e+09
-4.650575831634925842e+09
-4.553302303489771843e+09
-4.451441981416694641e+09
-4.344672266885970116e+09
-4.232621651547953129e+09
-4.114858749633130550e+09
-3.990877918389322758e+09
-3.860080068511275768e+09
-3.721746533137888908e+09
-3.575002646754979610e+09
-3.418765586796161652e+09
-3.251667248719286442e+09
-3.071935741694633961e+09
-2.877204555047072411e+09
-2.664186639077983856e+09
-2.428073802394605637e+09
-2.161310222453902245e+09
-1.850688766721143723e+09
-1.468640013967779875e+09
-9.310347016959570646e+08
