-6.249962275687017441e+09
-6.171422459347272873e+09
-6.092882643007528305e+09
-6.014342826667783737e+09
-5.935803010328039169e+09
-5.857263193988294601e+09
-5.778723377648550034e+09
-5.700183561308803558e+09
-5.621643744969058990e+09
-5.543103928629314423e+09
-5.464564112289569855e+09
-5.386024295949825287e+09
-5.307484479610080719e+09
-5.228944663270336151e+09
-5.150404846930591583e+09
-5.071865030590845108e+09
-4.993325214251100540e+09
-4.914785397911355972e+09
-4.836245581571611404e+09
-4.757705765231866837e+09
-4.679165948892122269e+09
-4.600626132552377701e+09
-4.522086316212631226e+09
-4.443546499872886658e+09
-4.365006683533142090e+09
-4.286466867193397045e+09
-4.207927050853652477e+09
-4.129387234513907909e+09
-4.050847418174162388e+09
-3.972307601834417820e+09
-3.893767785494673252e+09
-3.815227969154928684e+09
-3.736688152815183163e+09
-3.658148336475438595e+09
-3.579608520135694027e+09
-3.501068703795949459e+09
-3.422528887456203938e+09
-3.343989071116459370e+09
-3.265449254776714802e+09
-3.186909438436969280e+09
-3.108369622097224712e+09
-3.029829805757480145e+09
-2.951289989417735577e+09
-2.872750173077990055e+09
-2.794210356738245487e+09
-2.715670540398500919e+09
-2.637130724058756351e+09
-2.558590907719010830e+09
-2.480051091379266262e+09
-2.401511275039521694e+09
-2.322971458699777126e+09
-2.244431642360031605e+09
-2.165891826020287037e+09
-2.087352009680542469e+09
-2.008812193340796947e+09
-1.930272377001052380e+09
-1.851732560661307812e+09
-1.773192744321563244e+09
-1.694652927981817722e+09
-1.616113111642073154e+09
-1.537573295302328587e+09
-1.459033478962584019e+09
-1.380493662622838497e+09
-1.301953846283093929e+09
-1.223414029943349361e+09
-1.144874213603604794e+09
-1.066334397263859272e+09
-9.877945809241147041e+08
-9.092547645843701363e+08
-8.307149482446246147e+08
-7.521751319048800468e+08
-6.736353155651354790e+08
-5.950954992253909111e+08
-5.165556828856453896e+08
-4.380158665459008217e+08
-3.594760502061562538e+08
-2.809362338664116859e+08
-2.023964175266666412e+08
-1.238566011869215965e+08
-4.531678484717702866e+07
3.322303149256801605e+07
1.117628478323125839e+08
1.903026641720576286e+08
2.688424805118021965e+08
3.473822968515472412e+08
4.259221131912922859e+08
5.044619295310368538e+08
5.830017458707818985e+08
6.615415622105264664e+08
7.400813785502715111e+08
8.186211948900160789e+08
8.971610112297611237e+08
9.757008275695056915e+08
1.054240643909250736e+09
1.132780460248995304e+09
1.211320276588740349e+09
1.289860092928484917e+09
1.368399909268229961e+09
1.446939725607974529e+09
1.525479541947719574e+09
1.604019358287464619e+09
1.682559174627209187e+09
1.761098990966954231e+09
1.839638807306698799e+09
1.918178623646443605e+09
1.996718439986188412e+09
2.075258256325933218e+09
2.153798072665678024e+09
2.232337889005423069e+09
2.310877705345168114e+09
2.389417521684912682e+09
2.467957338024657249e+09
2.546497154364402294e+09
2.625036970704147339e+09
2.703576787043891907e+09
2.782116603383636475e+09
2.860656419723381519e+09
2.939196236063126564e+09
3.017736052402871132e+09
3.096275868742615700e+09
3.174815685082360744e+09
3.253355501422105789e+09
3.331895317761850357e+09
3.410435134101595402e+09
3.488974950441339970e+09
3.567514766781085014e+09
3.646054583120829582e+09
3.724594399460574627e+09
3.803134215800319195e+09
3.881674032140064240e+09
3.960213848479808807e+09
4.038753664819553852e+09
4.117293481159298897e+09
4.195833297499043465e+09
4.274373113838788509e+09
4.352912930178533554e+09
4.431452746518278122e+09
4.509992562858022690e+09
4.588532379197767258e+09
4.667072195537512779e+09
4.745612011877257347e+09
4.824151828217001915e+09
4.902691644556746483e+09
4.981231460896492004e+09
5.059771277236236572e+09
5.138311093575981140e+09
5.216850909915725708e+09
5.295390726255471230e+09
5.373930542595215797e+09
5.452470358934960365e+09
5.531010175274705887e+09
5.609549991614450455e+09
5.688089807954195023e+09
5.766629624293939590e+09
5.845169440633684158e+09
5.923709256973429680e+09
6.002249073313174248e+09
6.080788889652919769e+09
6.159328705992664337e+09
6.237868522332408905e+09
