-6.235554139592051506e+09
-6.157014323252305984e+09
-6.078474506912561417e+09
-5.999934690572816849e+09
-5.921394874233072281e+09
-5.842855057893327713e+09
-5.764315241553582191e+09
-5.685775425213837624e+09
-5.607235608874092102e+09
-5.528695792534347534e+09
-5.450155976194602966e+09
-5.371616159854858398e+09
-5.293076343515113831e+09
-5.214536527175369263e+09
-5.135996710835623741e+09
-5.057456894495879173e+09
-4.978917078156133652e+09
-4.900377261816389084e+09
-4.821837445476644516e+09
-4.743297629136899948e+09
-4.664757812797155380e+09
-4.586217996457409859e+09
-4.507678180117665291e+09
-4.429138363777920723e+09
-4.350598547438175201e+09
-4.272058731098430634e+09
-4.193518914758686066e+09
-4.114979098418941021e+09
-4.036439282079196453e+09
-3.957899465739451408e+09
-3.879359649399706841e+09
-3.800819833059961796e+09
-3.722280016720217228e+09
-3.643740200380472183e+09
-3.565200384040727615e+09
-3.486660567700982571e+09
-3.408120751361238003e+09
-3.329580935021492958e+09
-3.251041118681747913e+09
-3.172501302342003345e+09
-3.093961486002258301e+09
-3.015421669662513733e+09
-2.936881853322768688e+09
-2.858342036983024120e+09
-2.779802220643279076e+09
-2.701262404303534508e+09
-2.622722587963789463e+09
-2.544182771624044895e+09
-2.465642955284299850e+09
-2.387103138944555283e+09
-2.308563322604810238e+09
-2.230023506265065193e+09
-2.151483689925320625e+09
-2.072943873585575819e+09
-1.994404057245831013e+09
-1.915864240906086206e+09
-1.837324424566341400e+09
-1.758784608226596594e+09
-1.680244791886851788e+09
-1.601704975547106981e+09
-1.523165159207362175e+09
-1.444625342867617130e+09
-1.366085526527872324e+09
-1.287545710188127518e+09
-1.209005893848382711e+09
-1.130466077508637905e+09
-1.051926261168893337e+09
-9.733864448291482925e+08
-8.948466284894037247e+08
-8.163068121496586800e+08
-7.377669958099136353e+08
-6.592271794701690674e+08
-5.806873631304240227e+08
-5.021475467906794548e+08
-4.236077304509344101e+08
-3.450679141111898422e+08
-2.665280977714447975e+08
-1.879882814317002296e+08
-1.094484650919551849e+08
-3.090864875221061707e+07
4.763116758753442764e+07
1.261709839272789955e+08
2.047108002670240402e+08
2.832506166067686081e+08
3.617904329465136528e+08
4.403302492862586975e+08
5.188700656260032654e+08
5.974098819657483101e+08
6.759496983054928780e+08
7.544895146452379227e+08
8.330293309849824905e+08
9.115691473247275352e+08
9.901089636644725800e+08
1.068648780004217148e+09
1.147188596343961716e+09
1.225728412683706284e+09
1.304268229023451805e+09
1.382808045363196373e+09
1.461347861702940941e+09
1.539887678042685509e+09
1.618427494382431030e+09
1.696967310722175598e+09
1.775507127061920166e+09
1.854046943401665688e+09
1.932586759741410255e+09
2.011126576081154823e+09
2.089666392420899391e+09
2.168206208760644913e+09
2.246746025100389481e+09
2.325285841440134048e+09
2.403825657779878616e+09
2.482365474119624138e+09
2.560905290459368706e+09
2.639445106799113274e+09
2.717984923138857841e+09
2.796524739478603363e+09
2.875064555818347931e+09
2.953604372158092499e+09
3.032144188497838020e+09
3.110684004837582588e+09
3.189223821177327156e+09
3.267763637517071724e+09
3.346303453856817245e+09
3.424843270196561813e+09
3.503383086536306381e+09
3.581922902876050949e+09
3.660462719215796471e+09
3.739002535555541039e+09
3.817542351895285606e+09
3.896082168235030174e+09
3.974621984574775696e+09
4.053161800914520264e+09
4.131701617254264832e+09
4.210241433594010353e+09
4.288781249933754921e+09
4.367321066273499489e+09
4.445860882613244057e+09
4.524400698952989578e+09
4.602940515292734146e+09
4.681480331632478714e+09
4.760020147972223282e+09
4.838559964311968803e+09
4.917099780651713371e+09
4.995639596991457939e+09
5.074179413331202507e+09
5.152719229670948029e+09
5.231259046010692596e+09
5.309798862350438118e+09
5.388338678690182686e+09
5.466878495029927254e+09
5.545418311369671822e+09
5.623958127709416389e+09
5.702497944049160957e+09
5.781037760388905525e+09
5.859577576728652000e+09
5.938117393068396568e+09
6.016657209408141136e+09
6.095197025747885704e+09
6.173736842087630272e+09
6.252276658427374840e+09
