-7.576160403485422134e+08
-1.243901971878381252e+09
-1.583750346863757372e+09
-1.859274374920993805e+09
-2.095996239448743582e+09
-2.305897279764936447e+09
-2.495753851718964100e+09
-2.669845558531687737e+09
-2.831082181596176624e+09
-2.981549987169422150e+09
-3.122806002224158764e+09
-3.256049342925122738e+09
-3.382227123375609875e+09
-3.502103125142207623e+09
-3.616304091010963440e+09
-3.725351963599288464e+09
-3.829686961257038116e+09
-3.929684489147937298e+09
-4.025667788302487850e+09
-4.117917567630663872e+09
-4.206679455381034851e+09
-4.292169845351784229e+09
-4.374580541819760323e+09
-4.454082492151174545e+09
-4.530828817270171165e+09
-4.604957295179038048e+09
-4.676592413706599236e+09
-4.745847080548657417e+09
-4.812824058124809265e+09
-4.877617175576240540e+09
-4.940312358848007202e+09
-5.000988511184065819e+09
-5.059718269775731087e+09
-5.116568659219599724e+09
-5.171601658481907845e+09
-5.224874694958343506e+09
-5.276441076759778023e+09
-5.326350372395565033e+09
-5.374648745454674721e+09
-5.421379250616513252e+09
-5.466582096293045998e+09
-5.510294878362382889e+09
-5.552552788763056755e+09
-5.593388802147828102e+09
-5.632833843322885513e+09
-5.670916937804085732e+09
-5.707665347492046356e+09
-5.743104693190641403e+09
-5.777259065459491730e+09
-5.810151125092877388e+09
-5.841802194349001884e+09
-5.872232339909775734e+09
-5.901460448428194046e+09
-5.929504295414668083e+09
-5.956380608122549057e+09
-5.982105123014332771e+09
-6.006692638321769714e+09
-6.030157062153704643e+09
-6.052511456553724289e+09
-6.073768077864400864e+09
-6.093938413715204239e+09
-6.113033216916263580e+09
-6.131062536509315491e+09
-6.148035746200011253e+09
-6.163961570371513367e+09
-6.178848107857905388e+09
-6.192702853636706352e+09
-6.205532718582655907e+09
-6.217344047409482002e+09
-6.228142634912517548e+09
-6.237933740612399101e+09
-6.246722101888700485e+09
-6.254511945681901932e+09
-6.261306998832518578e+09
-6.267110497117406845e+09
-6.271925193035064697e+09
-6.275753362384098053e+09
-6.278596809671833992e+09
-6.280456872383250237e+09
-6.281334424133878708e+09
-6.281229876724081993e+09
-6.280143181105968475e+09
-6.278073827268281937e+09
-6.275020843038599968e+09
-6.270982791796302795e+09
-6.265957769083707809e+09
-6.259943398096682549e+09
-6.252936824029701233e+09
-6.244934707243759155e+09
-6.235933215218663216e+09
-6.225928013243944168e+09
-6.214914253794870377e+09
-6.202886564531729698e+09
-6.189839034851591110e+09
-6.175765200911976814e+09
-6.160658029035280228e+09
-6.144509897391085625e+09
-6.127312575840716362e+09
-6.109057203814122200e+09
-6.089734266073461533e+09
-6.069333566200162888e+09
-6.047844197622597694e+09
-6.025254511979498863e+09
-6.001552084589445114e+09
-5.976723676768834114e+09
-5.950755194709077835e+09
-5.923631644587938309e+09
-5.895337083549062729e+09
-5.865854566137194633e+09
-5.835166085723269463e+09
-5.803252510392436028e+09
-5.770093512697678566e+09
-5.735667492600507736e+09
-5.699951492826162338e+09
-5.662921105751591682e+09
-5.624550370817307472e+09
-5.584811661305511475e+09
-5.543675559152571678e+09
-5.501110716258650780e+09
-5.457083700514826775e+09
-5.411558824480434418e+09
-5.364497954300865173e+09
-5.315860296046437263e+09
-5.265602156160898209e+09
-5.213676672114250183e+09
-5.160033508634317398e+09
-5.104618514013390541e+09
-5.047373329909945488e+09
-4.988234946738453865e+09
-4.927135195094408035e+09
-4.864000161606889725e+09
-4.798749515028299332e+09
-4.731295725100626945e+09
-4.661543152564956665e+09
-4.589386983312002182e+09
-4.514711972702209473e+09
-4.437390956950532913e+09
-4.357283076378063202e+09
-4.274231639143301487e+09
-4.188061532130972862e+09
-4.098576055568015575e+09
-4.005553016018429756e+09
-3.908739853135771275e+09
-3.807847490295271873e+09
-3.702542474260462761e+09
-3.592436781984647274e+09
-3.477074386018837452e+09
-3.355913219044701576e+09
-3.228300447001225948e+09
-3.093437733809473991e+09
-2.950331039782300949e+09
-2.797715580638634682e+09
-2.633939006600583553e+09
-2.456770218261081696e+09
-2.263066087120691299e+09
-2.048140453805736542e+09
-1.804426090715277195e+09
-1.518120782313154936e+09
-1.158054790166179657e+09
-6.042798017981382608e+08
