-9.230542846594967842e+08
-1.349752140909356117e+09
-1.667121910913886309e+09
-1.929876442756785154e+09
-2.158057853085652828e+09
-2.361708556261832237e+09
-2.546720225441867352e+09
-2.716903292928852558e+09
-2.874892362172756195e+09
-3.022600152109023571e+09
-3.161468054476966858e+09
-3.292614741193675995e+09
-3.416929382189815521e+09
-3.535132807451068401e+09
-3.647819146320209980e+09
-3.755485065434608459e+09
-3.858550845024993896e+09
-3.957375919101248264e+09
-4.052270561181772232e+09
-4.143504824596814632e+09
-4.231315487693200111e+09
-4.315911523169381142e+09
-4.397478458134706497e+09
-4.476181888416731834e+09
-4.552170339642376900e+09
-4.625577617827664375e+09
-4.696524756719094276e+09
-4.765121643452672005e+09
-4.831468385266064644e+09
-4.895656466016429901e+09
-4.957769730752944946e+09
-5.017885228618766785e+09
-5.076073938242955208e+09
-5.132401395051531792e+09
-5.186928236234150887e+09
-5.239710676197490692e+09
-5.290800923033434868e+09
-5.340247544691496849e+09
-5.388095792067390442e+09
-5.434387885024744034e+09
-5.479163266394947052e+09
-5.522458828204916954e+09
-5.564309113728652000e+09
-5.604746498417897224e+09
-5.643801352318335533e+09
-5.681502186203178406e+09
-5.717875783342215538e+09
-5.752947318560275078e+09
-5.786740466015994072e+09
-5.819277496942621231e+09
-5.850579368431573868e+09
-5.880665804201957703e+09
-5.909555368181429863e+09
-5.937265531622472763e+09
-5.963812734390748024e+09
-5.989212440986616135e+09
-6.013479191795304298e+09
-6.036626650004121780e+09
-6.058667644575291634e+09
-6.079614209619363785e+09
-6.099477620475911140e+09
-6.118268426774516106e+09
-6.135996482719329834e+09
-6.152670974814167023e+09
-6.168300447221752167e+09
-6.182892824929933548e+09
-6.196455434879096031e+09
-6.208995025188372612e+09
-6.220517782603299141e+09
-6.231029348274040222e+09
-6.240534831961086273e+09
-6.249038824754204750e+09
-6.256545410380226135e+09
-6.263058175165944099e+09
-6.268580216713726044e+09
-6.273114151339435577e+09
-6.276662120314753532e+09
-6.279225794948907852e+09
-6.280806380538094521e+09
-6.281404619204446793e+09
-6.281020791640203476e+09
-6.279654717766633034e+09
-6.277305756311347961e+09
-6.273972803301672935e+09
-6.269654289465821266e+09
-6.264348176527542114e+09
-6.258051952373784065e+09
-6.250762625068510056e+09
-6.242476715679125786e+09
-6.233190249875047684e+09
-6.222898748250473022e+09
-6.211597215315549850e+09
-6.199280127091621399e+09
-6.185941417237071037e+09
-6.171574461620266914e+09
-6.156172061245252609e+09
-6.139726423423799515e+09
-6.122229141074255943e+09
-6.103671170013001442e+09
-6.084042804088048935e+09
-6.063333647986221313e+09
-6.041532587525029182e+09
-6.018627757217627525e+09
-5.994606504873587608e+09
-5.969455352969282150e+09
-5.943159956488900185e+09
-5.915705056899921417e+09
-5.887074431884490967e+09
-5.857250840399747849e+09
-5.826215962584774017e+09
-5.793950333968210220e+09
-5.760433273357281685e+09
-5.725642803704373360e+09
-5.689555565149207115e+09
-5.652146719320684433e+09
-5.613389843849569321e+09
-5.573256815887639999e+09
-5.531717683246427536e+09
-5.488740521553468704e+09
-5.444291275569622040e+09
-5.398333582508828163e+09
-5.350828574841502190e+09
-5.301734659631384850e+09
-5.251007270936855316e+09
-5.198598591180644035e+09
-5.144457236630281448e+09
-5.088527901201741219e+09
-5.030750951657034874e+09
-4.971061965856628418e+09
-4.909391203975622177e+09
-4.845663000401358604e+09
-4.779795061270180702e+09
-4.711697649099056244e+09
-4.641272631488800049e+09
-4.568412365098732948e+09
-4.492998378573675156e+09
-4.414899808222491264e+09
-4.333971527123700142e+09
-4.250051890705985546e+09
-4.162959997882126331e+09
-4.072492333785125732e+09
-3.978418613973286152e+09
-3.880476584361547470e+09
-3.778365436276121140e+09
-3.671737356186096191e+09
-3.560186519001148224e+09
-3.443234508691095352e+09
-3.320310634278597832e+09
-3.190724765451341629e+09
-3.053628881204152107e+09
-2.907960995935531616e+09
-2.752360433907459736e+09
-2.585034188728416920e+09
-2.403534595163744450e+09
-2.204363476811785698e+09
-1.982201079646863222e+09
-1.728203372552915335e+09
-1.425452794080525160e+09
-1.031895069229103208e+09
-2.921680922779370546e+08
