-6.242756370979245186e+09
-6.164216554639500618e+09
-6.085676738299756050e+09
-6.007136921960011482e+09
-5.928597105620265961e+09
-5.850057289280521393e+09
-5.771517472940776825e+09
-5.692977656601032257e+09
-5.614437840261286736e+09
-5.535898023921542168e+09
-5.457358207581797600e+09
-5.378818391242053032e+09
-5.300278574902307510e+09
-5.221738758562562943e+09
-5.143198942222818375e+09
-5.064659125883072853e+09
-4.986119309543328285e+09
-4.907579493203583717e+09
-4.829039676863839149e+09
-4.750499860524093628e+09
-4.671960044184349060e+09
-4.593420227844604492e+09
-4.514880411504859924e+09
-4.436340595165114403e+09
-4.357800778825369835e+09
-4.279260962485625267e+09
-4.200721146145880699e+09
-4.122181329806135178e+09
-4.043641513466390610e+09
-3.965101697126646042e+09
-3.886561880786900520e+09
-3.808022064447155952e+09
-3.729482248107411385e+09
-3.650942431767666817e+09
-3.572402615427921295e+09
-3.493862799088176727e+09
-3.415322982748432159e+09
-3.336783166408687592e+09
-3.258243350068942070e+09
-3.179703533729197502e+09
-3.101163717389452934e+09
-3.022623901049707413e+09
-2.944084084709962845e+09
-2.865544268370218277e+09
-2.787004452030473709e+09
-2.708464635690728188e+09
-2.629924819350983620e+09
-2.551385003011239052e+09
-2.472845186671493530e+09
-2.394305370331748962e+09
-2.315765553992004395e+09
-2.237225737652259827e+09
-2.158685921312514305e+09
-2.080146104972769976e+09
-2.001606288633024931e+09
-1.923066472293280363e+09
-1.844526655953535318e+09
-1.765986839613790751e+09
-1.687447023274045706e+09
-1.608907206934301138e+09
-1.530367390594556093e+09
-1.451827574254811049e+09
-1.373287757915066481e+09
-1.294747941575321436e+09
-1.216208125235576868e+09
-1.137668308895832062e+09
-1.059128492556087255e+09
-9.805886762163424492e+08
-9.020488598765976429e+08
-8.235090435368525982e+08
-7.449692271971077919e+08
-6.664294108573629856e+08
-5.878895945176181793e+08
-5.093497781778733730e+08
-4.308099618381285667e+08
-3.522701454983837605e+08
-2.737303291586389542e+08
-1.951905128188941479e+08
-1.166506964791493416e+08
-3.811088013940453529e+07
4.042893620034027100e+07
1.189687525400851965e+08
1.975085688798300028e+08
2.760483852195748091e+08
3.545882015593196154e+08
4.331280178990644217e+08
5.116678342388092279e+08
5.902076505785541534e+08
6.687474669182989597e+08
7.472872832580437660e+08
8.258270995977885723e+08
9.043669159375333786e+08
9.829067322772781849e+08
1.061446548617022991e+09
1.139986364956767797e+09
1.218526181296512604e+09
1.297065997636257410e+09
1.375605813976002216e+09
1.454145630315747261e+09
1.532685446655491829e+09
1.611225262995236874e+09
1.689765079334981441e+09
1.768304895674726486e+09
1.846844712014471054e+09
1.925384528354216099e+09
2.003924344693960905e+09
2.082464161033705711e+09
2.161003977373450279e+09
2.239543793713195324e+09
2.318083610052940369e+09
2.396623426392684937e+09
2.475163242732429504e+09
2.553703059072174549e+09
2.632242875411919594e+09
2.710782691751664162e+09
2.789322508091408730e+09
2.867862324431154251e+09
2.946402140770898819e+09
3.024941957110643387e+09
3.103481773450388432e+09
3.182021589790133476e+09
3.260561406129878044e+09
3.339101222469622612e+09
3.417641038809367180e+09
3.496180855149112701e+09
3.574720671488857269e+09
3.653260487828601837e+09
3.731800304168347359e+09
3.810340120508091927e+09
3.888879936847836494e+09
3.967419753187581062e+09
4.045959569527326584e+09
4.124499385867071152e+09
4.203039202206815720e+09
4.281579018546560287e+09
4.360118834886305809e+09
4.438658651226050377e+09
4.517198467565794945e+09
4.595738283905539513e+09
4.674278100245285034e+09
4.752817916585029602e+09
4.831357732924774170e+09
4.909897549264519691e+09
4.988437365604264259e+09
5.066977181944008827e+09
5.145516998283753395e+09
5.224056814623498917e+09
5.302596630963243484e+09
5.381136447302988052e+09
5.459676263642732620e+09
5.538216079982477188e+09
5.616755896322222710e+09
5.695295712661967278e+09
5.773835529001711845e+09
5.852375345341456413e+09
5.930915161681201935e+09
6.009454978020946503e+09
6.087994794360691071e+09
6.166534610700436592e+09
6.245074427040181160e+09
