-6.238151828715930939e+09
-6.159612012376186371e+09
-6.081072196036439896e+09
-6.002532379696695328e+09
-5.923992563356950760e+09
-5.845452747017206192e+09
-5.766912930677461624e+09
-5.688373114337717056e+09
-5.609833297997972488e+09
-5.531293481658226013e+09
-5.452753665318481445e+09
-5.374213848978736877e+09
-5.295674032638992310e+09
-5.217134216299247742e+09
-5.138594399959503174e+09
-5.060054583619758606e+09
-4.981514767280014038e+09
-4.902974950940267563e+09
-4.824435134600522995e+09
-4.745895318260778427e+09
-4.667355501921033859e+09
-4.588815685581289291e+09
-4.510275869241544724e+09
-4.431736052901800156e+09
-4.353196236562053680e+09
-4.274656420222309113e+09
-4.196116603882564545e+09
-4.117576787542819977e+09
-4.039036971203075409e+09
-3.960497154863330841e+09
-3.881957338523586273e+09
-3.803417522183841705e+09
-3.724877705844095230e+09
-3.646337889504350662e+09
-3.567798073164606094e+09
-3.489258256824861526e+09
-3.410718440485116959e+09
-3.332178624145372391e+09
-3.253638807805627823e+09
-3.175098991465882301e+09
-3.096559175126137733e+09
-3.018019358786392212e+09
-2.939479542446647644e+09
-2.860939726106903076e+09
-2.782399909767158508e+09
-2.703860093427412987e+09
-2.625320277087668419e+09
-2.546780460747923851e+09
-2.468240644408179283e+09
-2.389700828068433762e+09
-2.311161011728689194e+09
-2.232621195388944626e+09
-2.154081379049200058e+09
-2.075541562709454536e+09
-1.997001746369709969e+09
-1.918461930029965401e+09
-1.839922113690219879e+09
-1.761382297350475311e+09
-1.682842481010730743e+09
-1.604302664670986176e+09
-1.525762848331240654e+09
-1.447223031991496086e+09
-1.368683215651751518e+09
-1.290143399312006950e+09
-1.211603582972261429e+09
-1.133063766632516861e+09
-1.054523950292772293e+09
-9.759841339530277252e+08
-8.974443176132822037e+08
-8.189045012735376358e+08
-7.403646849337930679e+08
-6.618248685940475464e+08
-5.832850522543029785e+08
-5.047452359145584106e+08
-4.262054195748138428e+08
-3.476656032350683212e+08
-2.691257868953237534e+08
-1.905859705555791855e+08
-1.120461542158346176e+08
-3.350633787608909607e+07
4.503347846365547180e+07
1.235732948034000397e+08
2.021131111431446075e+08
2.806529274828901291e+08
3.591927438226346970e+08
4.377325601623792648e+08
5.162723765021247864e+08
5.948121928418693542e+08
6.733520091816139221e+08
7.518918255213584900e+08
8.304316418611040115e+08
9.089714582008485794e+08
9.875112745405931473e+08
1.066051090880337715e+09
1.144590907220082760e+09
1.223130723559827805e+09
1.301670539899572372e+09
1.380210356239317417e+09
1.458750172579061985e+09
1.537289988918807030e+09
1.615829805258551598e+09
1.694369621598296642e+09
1.772909437938041687e+09
1.851449254277786255e+09
1.929989070617531300e+09
2.008528886957275867e+09
2.087068703297020912e+09
2.165608519636765480e+09
2.244148335976510525e+09
2.322688152316255093e+09
2.401227968656000137e+09
2.479767784995744705e+09
2.558307601335489750e+09
2.636847417675234318e+09
2.715387234014979362e+09
2.793927050354723930e+09
2.872466866694468975e+09
2.951006683034214020e+09
3.029546499373958588e+09
3.108086315713703632e+09
3.186626132053448200e+09
3.265165948393193245e+09
3.343705764732937813e+09
3.422245581072682381e+09
3.500785397412427425e+09
3.579325213752172470e+09
3.657865030091917038e+09
3.736404846431662083e+09
3.814944662771407127e+09
3.893484479111151695e+09
3.972024295450896263e+09
4.050564111790641308e+09
4.129103928130386353e+09
4.207643744470130920e+09
4.286183560809875488e+09
4.364723377149620056e+09
4.443263193489365578e+09
4.521803009829110146e+09
4.600342826168854713e+09
4.678882642508600235e+09
4.757422458848344803e+09
4.835962275188089371e+09
4.914502091527833939e+09
4.993041907867579460e+09
5.071581724207324028e+09
5.150121540547068596e+09
5.228661356886813164e+09
5.307201173226558685e+09
5.385740989566303253e+09
5.464280805906047821e+09
5.542820622245793343e+09
5.621360438585537910e+09
5.699900254925282478e+09
5.778440071265027046e+09
5.856979887604772568e+09
5.935519703944517136e+09
6.014059520284261703e+09
6.092599336624006271e+09
6.171139152963751793e+09
6.249678969303496361e+09
