-7.779749426290745735e+08
-1.256248839148386478e+09
-1.593342485112115383e+09
-1.867346352009578228e+09
-2.103066217778779984e+09
-2.312240391667752743e+09
-2.501536874774384022e+09
-2.675178655221137524e+09
-2.836042653653890133e+09
-2.986194572333868027e+09
-3.127177818549329758e+09
-3.260182079012807846e+09
-3.386147702375702381e+09
-3.505833471628516197e+09
-3.619862344589378357e+09
-3.728753337411848068e+09
-3.832944364746575356e+09
-3.932808989732871532e+09
-4.028668960178223610e+09
-4.120803759727211952e+09
-4.209458000284478664e+09
-4.294847224364881039e+09
-4.377162516929098129e+09
-4.456574212675255775e+09
-4.533234906890851974e+09
-4.607281923599203110e+09
-4.678839356132339478e+09
-4.748019767435728073e+09
-4.814925617071006775e+09
-4.879650466825614929e+09
-4.942280005559670448e+09
-5.002892925379974365e+09
-5.061561674698604584e+09
-5.118353108690052032e+09
-5.173329053732724190e+09
-5.226546799336229324e+09
-5.278059528615329742e+09
-5.327916696426568985e+09
-5.376164362723072052e+09
-5.422845487423072815e+09
-5.468000192064245224e+09
-5.511665992679809570e+09
-5.553878007645668983e+09
-5.594669143680973053e+09
-5.634070262714194298e+09
-5.672110331934968948e+09
-5.708816559023866653e+09
-5.744214514276552200e+09
-5.778328241106103897e+09
-5.811180356210083008e+09
-5.842792140521360397e+09
-5.873183621918613434e+09
-5.902373650549967766e+09
-5.930379967517991066e+09
-5.957219267583615303e+09
-5.982907256468120575e+09
-6.007458703264380455e+09
-6.030887488409450531e+09
-6.053206647619009972e+09
-6.074428412139116287e+09
-6.094564245631148338e+09
-6.113624877971072197e+09
-6.131620336213479042e+09
-6.148559972943683624e+09
-6.164452492217163086e+09
-6.179305973264164925e+09
-6.193127892118217468e+09
-6.205925141310174942e+09
-6.217704047754076004e+09
-6.228470388937221527e+09
-6.238229407514345169e+09
-6.246985824394386292e+09
-6.254743850397927284e+09
-6.261507196553844452e+09
-6.267279083094923019e+09
-6.272062247203970909e+09
-6.275858949554407120e+09
-6.278670979682054520e+09
-6.280499660218103409e+09
-6.281345850006704330e+09
-6.281209946124379158e+09
-6.280091884812342644e+09
-6.277991141326856613e+09
-6.274906728706792831e+09
-6.270837195451634407e+09
-6.265780622097160339e+09
-6.259734616669902802e+09
-6.252696308995130539e+09
-6.244662343826591492e+09
-6.235628872759262085e+09
-6.225591544879145622e+09
-6.214545496096323013e+09
-6.202485337099164009e+09
-6.189405139858580589e+09
-6.175298422601463318e+09
-6.160158133161767960e+09
-6.143976630606000900e+09
-6.126745665017024040e+09
-6.108456355305795670e+09
-6.089099164904875755e+09
-6.068663875179890633e+09
-6.047139556375410080e+09
-6.024514535889643669e+09
-6.000776363647429466e+09
-5.975911774312968254e+09
-5.949906646051994324e+09
-5.922745955517058372e+09
-5.894413728688569069e+09
-5.864892987157526016e+09
-5.834165689382280350e+09
-5.802212666390292168e+09
-5.769013551325140953e+09
-5.734546702157452583e+09
-5.698789116783964157e+09
-5.661716339629215240e+09
-5.623302358736558914e+09
-5.583519492185775757e+09
-5.542338262499276161e+09
-5.499727257492605209e+09
-5.455652975781121254e+09
-5.410079654865565300e+09
-5.362969079374769211e+09
-5.314280366631783485e+09
-5.263969726214700699e+09
-5.211990189585964203e+09
-5.158291305139177322e+09
-5.102818793128672600e+09
-5.045514153863661766e+09
-4.986314221212755203e+09
-4.925150651807233810e+09
-4.861949338261816025e+09
-4.796629732129679680e+09
-4.729104059013188362e+09
-4.659276404045826912e+09
-4.587041640547865868e+09
-4.512284167629577637e+09
-4.434876413301691055e+09
-4.354677047448802948e+09
-4.271528832677338600e+09
-4.185256018896438599e+09
-4.095661157068849087e+09
-4.002521165195113659e+09
-3.905582419645731449e+09
-3.804554558677716732e+09
-3.699102558427330971e+09
-3.588836452120727062e+09
-3.473297772560825825e+09
-3.351941340205723286e+09
-3.224110276337165833e+09
-3.089000873143990993e+09
-2.945611771616279602e+09
-2.792667903346743584e+09
-2.628501915955251217e+09
-2.450859771687561035e+09
-2.256561081218724251e+09
-2.040854037055141449e+09
-1.796041614873149395e+09
-1.508014840327069759e+09
-1.144602563965258121e+09
-5.777406812088357210e+08
