-7.972717984876912832e+08
-1.268138566110194445e+09
-1.602613964604973555e+09
-1.875161489242022991e+09
-2.109917698969438314e+09
-2.318391204393958092e+09
-2.507146954467701435e+09
-2.680353879710794926e+09
-2.840857438197734356e+09
-2.990703603225288391e+09
-3.131422695042092323e+09
-3.264195328439043999e+09
-3.389955336561311245e+09
-3.509456684453648090e+09
-3.623318679157396793e+09
-3.732057512405731201e+09
-3.836108874312074661e+09
-3.935844548473208427e+09
-4.031584839540814877e+09
-4.123608046551350117e+09
-4.212157798474481583e+09
-4.297448814286724091e+09
-4.379671482894349098e+09
-4.458995545999148369e+09
-4.535573090018630028e+09
-4.609540999390359879e+09
-4.681022985386725426e+09
-4.750131277014947891e+09
-4.816968040430735588e+09
-4.881626578373769760e+09
-4.944192349953420639e+09
-5.004743842644625664e+09
-5.063353321874673843e+09
-5.120087478577678680e+09
-5.175007991195300102e+09
-5.228172015540531158e+09
-5.279632613518263817e+09
-5.329439129764864922e+09
-5.377637523719009399e+09
-5.424270663384266853e+09
-5.469378586026962280e+09
-5.512998730221879005e+09
-5.555166142975782394e+09
-5.595913665095223427e+09
-5.635272097497433662e+09
-5.673270350773477554e+09
-5.709935579986552238e+09
-5.745293306414036751e+09
-5.779367527710463524e+09
-5.812180817772361755e+09
-5.843754417419207573e+09
-5.874108316862281799e+09
-5.903261330811418533e+09
-5.931231166964815140e+09
-5.958034488536873817e+09
-5.983686971400955200e+09
-6.008203356356279373e+09
-6.031597496969340324e+09
-6.053882403388871193e+09
-6.075070282488479614e+09
-6.095172574651723862e+09
-6.114199987479722977e+09
-6.132162526670847893e+09
-6.149069524295036316e+09
-6.164929664661261559e+09
-6.179751007955375671e+09
-6.193541011806509018e+09
-6.206306550923144341e+09
-6.218053934924696922e+09
-6.228788924480594635e+09
-6.238516745856372833e+09
-6.247242103954935074e+09
-6.254969193930760384e+09
-6.261701711445300102e+09
-6.267442861623056412e+09
-6.272195366759653091e+09
-6.275961472825605392e+09
-6.278742954802344322e+09
-6.280541120880225182e+09
-6.281356815541801453e+09
-6.281190421547342300e+09
-6.280041860833521843e+09
-6.277910594330192566e+09
-6.274795620694257736e+09
-6.270695473953669548e+09
-6.265608220048622131e+09
-6.259531452250825882e+09
-6.252462285435430527e+09
-6.244397349173593521e+09
-6.235332779606760979e+09
-6.225264210056437492e+09
-6.214186760315404892e+09
-6.202095024558038712e+09
-6.188983057798309326e+09
-6.174844360814293861e+09
-6.159671863447297096e+09
-6.143457906171992302e+09
-6.126194219821034431e+09
-6.107871903333334923e+09
-6.088481399379285812e+09
-6.068012467698542595e+09
-6.046454155966205597e+09
-6.023794767981035233e+09
-6.000021828944375992e+09
-5.975122047570322990e+09
-5.949081274735753059e+09
-5.921884458342700005e+09
-5.893515594024392128e+09
-5.863957671279287338e+09
-5.833192614563687325e+09
-5.801201218811854362e+09
-5.767963078781500816e+09
-5.733456511540628433e+09
-5.697658471316734314e+09
-5.660544455819217682e+09
-5.622088403017394066e+09
-5.582262577206333160e+09
-5.541037443016654968e+09
-5.498381525816978455e+09
-5.454261256712679863e+09
-5.408640800053850174e+09
-5.361481861019019127e+09
-5.312743470426877022e+09
-5.262381743430393219e+09
-5.210349608146677017e+09
-5.156596499546730995e+09
-5.101068013039975166e+09
-5.043705511097990990e+09
-4.984445674917074203e+09
-4.923219991450457573e+09
-4.859954164056899071e+09
-4.794567432391497612e+09
-4.726971783844602585e+09
-4.657071034596261978e+09
-4.584759752897267342e+09
-4.509921990100976944e+09
-4.432429775676625252e+09
-4.352141320121828079e+09
-4.268898853195919037e+09
-4.182526002527866840e+09
-4.092824586923397541e+09
-3.999570655873733997e+09
-3.902509546154431820e+09
-3.801349639118363857e+09
-3.695754374187063217e+09
-3.585331882032533169e+09
-3.469621306254289150e+09
-3.348074417901598930e+09
-3.220030372729297161e+09
-3.084680192384593964e+09
-2.941015330082314014e+09
-2.787750607347640038e+09
-2.623203903674614429e+09
-2.445098563706374645e+09
-2.250217377659957409e+09
-2.033743469984690905e+09
-1.787850595320122957e+09
-1.498122156289770126e+09
-1.131367859559715509e+09
-5.507081501319955587e+08
