-6.279156133659935951e+09
-6.174436378540275574e+09
-6.069716623420616150e+09
-5.964996868300956726e+09
-5.860277113181296349e+09
-5.755557358061636925e+09
-5.650837602941977501e+09
-5.546117847822317123e+09
-5.441398092702657700e+09
-5.336678337582998276e+09
-5.231958582463337898e+09
-5.127238827343678474e+09
-5.022519072224019051e+09
-4.917799317104358673e+09
-4.813079561984699249e+09
-4.708359806865039825e+09
-4.603640051745379448e+09
-4.498920296625720024e+09
-4.394200541506059647e+09
-4.289480786386400223e+09
-4.184761031266740799e+09
-4.080041276147080898e+09
-3.975321521027420998e+09
-3.870601765907761574e+09
-3.765882010788101673e+09
-3.661162255668441772e+09
-3.556442500548782349e+09
-3.451722745429122448e+09
-3.347002990309462547e+09
-3.242283235189803123e+09
-3.137563480070143223e+09
-3.032843724950483322e+09
-2.928123969830823898e+09
-2.823404214711163998e+09
-2.718684459591504097e+09
-2.613964704471844196e+09
-2.509244949352184772e+09
-2.404525194232524872e+09
-2.299805439112864971e+09
-2.195085683993205547e+09
-2.090365928873545647e+09
-1.985646173753885746e+09
-1.880926418634226322e+09
-1.776206663514566422e+09
-1.671486908394906521e+09
-1.566767153275247097e+09
-1.462047398155587196e+09
-1.357327643035927296e+09
-1.252607887916267395e+09
-1.147888132796607971e+09
-1.043168377676948547e+09
-9.384486225572881699e+08
-8.337288674376287460e+08
-7.290091123179693222e+08
-6.242893571983089447e+08
-5.195696020786495209e+08
-4.148498469589900970e+08
-3.101300918393297195e+08
-2.054103367196702957e+08
-1.006905816000099182e+08
4.029173519649505615e+06
1.087489286393089294e+08
2.134686837589693069e+08
3.181884388786287308e+08
4.229081939982881546e+08
5.276279491179485321e+08
6.323477042376079559e+08
7.370674593572673798e+08
8.417872144769277573e+08
9.465069695965871811e+08
1.051226724716246605e+09
1.155946479835906982e+09
1.260666234955566406e+09
1.365385990075225830e+09
1.470105745194886208e+09
1.574825500314545631e+09
1.679545255434205055e+09
1.784265010553865433e+09
1.888984765673524857e+09
1.993704520793184280e+09
2.098424275912844658e+09
2.203144031032504082e+09
2.307863786152163506e+09
2.412583541271823883e+09
2.517303296391483307e+09
2.622023051511142731e+09
2.726742806630803108e+09
2.831462561750462532e+09
2.936182316870122910e+09
3.040902071989782333e+09
3.145621827109441757e+09
3.250341582229101181e+09
3.355061337348760605e+09
3.459781092468421936e+09
3.564500847588081360e+09
3.669220602707740784e+09
3.773940357827400208e+09
3.878660112947059631e+09
3.983379868066719055e+09
4.088099623186380386e+09
4.192819378306039810e+09
4.297539133425699234e+09
4.402258888545358658e+09
4.506978643665018082e+09
4.611698398784677505e+09
4.716418153904338837e+09
4.821137909023998260e+09
4.925857664143657684e+09
5.030577419263317108e+09
5.135297174382976532e+09
5.240016929502637863e+09
5.344736684622297287e+09
5.449456439741956711e+09
5.554176194861616135e+09
5.658895949981275558e+09
5.763615705100934982e+09
5.868335460220596313e+09
5.973055215340255737e+09
6.077774970459915161e+09
6.182494725579574585e+09
