-1.682728186540481448e+08
-1.154319236491976976e+09
-1.616990291791640043e+09
-1.968484151202837467e+09
-2.261253999244770527e+09
-2.515884931875765800e+09
-2.743018752679963589e+09
-2.949015820649954319e+09
-3.138041473452646732e+09
-3.313001933828192234e+09
-3.476021703580862045e+09
-3.628710445841111183e+09
-3.772322846937011242e+09
-3.907859691578611851e+09
-4.036134614006593704e+09
-4.157819791847018242e+09
-4.273478181334588051e+09
-4.383586848345327377e+09
-4.488554231977689743e+09
-4.588733166746448517e+09
-4.684430872962936401e+09
-4.775916736848861694e+09
-4.863428450880429268e+09
-4.947176918418088913e+09
-5.027350213899916649e+09
-5.104116811951480865e+09
-5.177628243961447716e+09
-5.248021301506332397e+09
-5.315419877604825020e+09
-5.379936515906496048e+09
-5.441673722386074066e+09
-5.500725082423721313e+09
-5.557176217259909630e+09
-5.611105606984083176e+09
-5.662585301922843933e+09
-5.711681540155438423e+09
-5.758455285623700142e+09
-5.802962698715028763e+09
-5.845255549127331734e+09
-5.885381579159082413e+09
-5.923384824218464851e+09
-5.959305896246099472e+09
-5.993182234844923973e+09
-6.025048330168267250e+09
-6.054935921002089500e+09
-6.082874170965132713e+09
-6.108889825322065353e+09
-6.133007350544062614e+09
-6.155249058446532249e+09
-6.175635216474633217e+09
-6.194184145486136436e+09
-6.210912306191201210e+09
-6.225834375244667053e+09
-6.238963311843911171e+09
-6.250310415560646057e+09
-6.259885376025092125e+09
-6.267696314983286858e+09
-6.273749821160603523e+09
-6.278050978285035133e+09
-6.280603386550851822e+09
-6.281409177735337257e+09
-6.280469024117289543e+09
-6.277782141284546852e+09
-6.273346284857943535e+09
-6.267157741099715233e+09
-6.259211311314435005e+09
-6.249500289888976097e+09
-6.238016435753725052e+09
-6.224749936979007721e+09
-6.209689368147336006e+09
-6.192821640061929703e+09
-6.174131941263642311e+09
-6.153603670729853630e+09
-6.131218361017920494e+09
-6.106955590989831924e+09
-6.080792887110694885e+09
-6.052705612147795677e+09
-6.022666839904910088e+09
-5.990647214402657509e+09
-5.956614791653544426e+09
-5.920534861871571541e+09
-5.882369749590960503e+09
-5.842078588734011650e+09
-5.799617069148728371e+09
-5.754937150512901306e+09
-5.707986738747837067e+09
-5.658709319170242310e+09
-5.607043539494096756e+09
-5.552922734423393250e+09
-5.496274381883170128e+09
-5.437019478831176758e+09
-5.375071821958232880e+09
-5.310337175265288353e+09
-5.242712302289244652e+09
-5.172083835353098869e+09
-5.098326947248677254e+09
-5.021303781682459831e+09
-4.940861586870298386e+09
-4.856830480782477379e+09
-4.769020755173995972e+09
-4.677219596435293198e+09
-4.581187061128553391e+09
-4.480651087799669266e+09
-4.375301246534277916e+09
-4.264780811603782654e+09
-4.148676570895658970e+09
-4.026505526452023506e+09
-3.897697238751897335e+09
-3.761569927726321220e+09
-3.617297392135624886e+09
-3.463862016723922729e+09
-3.299985949126091480e+09
-3.124026568986232758e+09
-2.933810540714842796e+09
-2.726355464656524658e+09
-2.497368914736232758e+09
-2.240258114301675797e+09
-1.943895287013564110e+09
-1.586432759630219936e+09
-1.110349701921751022e+09
