-7.126094873479119539e+08
-1.217355912870822668e+09
-1.563253514387060642e+09
-1.842072386304100752e+09
-2.080952377403985977e+09
-2.292413119871976376e+09
-2.483468546569024563e+09
-2.658521605316157341e+09
-2.820553354320135117e+09
-2.971694519579525948e+09
-3.113531500616307259e+09
-3.247283709111312389e+09
-3.373912797344953060e+09
-3.494193273878109455e+09
-3.608759994906923771e+09
-3.718141170123165607e+09
-3.822781947167237759e+09
-3.923061669756067276e+09
-4.019306769622022629e+09
-4.111800572309923172e+09
-4.200790875426393986e+09
-4.286495888972917080e+09
-4.369108951238962173e+09
-4.448802315669890404e+09
-4.525730223347583771e+09
-4.600031419417957306e+09
-4.671831231887732506e+09
-4.741243302484017372e+09
-4.808371038299363136e+09
-4.873308837439022064e+09
-4.936143130285535812e+09
-4.996953269219909668e+09
-5.055812292932623863e+09
-5.112787586284840584e+09
-5.167941452654696465e+09
-5.221331612545189857e+09
-5.273011639732971191e+09
-5.323031344248658180e+09
-5.371437109884709358e+09
-5.418272192640212059e+09
-5.463576985467338562e+09
-5.507389253831364632e+09
-5.549744345896004677e+09
-5.590675380568146706e+09
-5.630213416157113075e+09
-5.668387602004553795e+09
-5.705225315107279778e+09
-5.740752283474843979e+09
-5.774992697727066040e+09
-5.807969312236324310e+09
-5.839703536949069023e+09
-5.870215520875761986e+09
-5.899524228114039421e+09
-5.927647507163110733e+09
-5.954602154195373535e+09
-5.980403970871696472e+09
-6.005067817217917442e+09
-6.028607660020132065e+09
-6.051036617144132614e+09
-6.072366998138652802e+09
-6.092610341442032814e+09
-6.111777448476671219e+09
-6.129878414884609222e+09
-6.146922659130105972e+09
-6.162918948670722961e+09
-6.177875423876788139e+09
-6.191799619859770775e+09
-6.204698486352825165e+09
-6.216578405771224976e+09
-6.227445209566425323e+09
-6.237304192974811554e+09
-6.246160128250728607e+09
-6.254017276462847710e+09
-6.260879397923349380e+09
-6.266749761310479164e+09
-6.271631151536853790e+09
-6.275525876408180237e+09
-6.278435772109839439e+09
-6.280362207551960945e+09
-6.281306087597071648e+09
-6.281267855188135147e+09
-6.280247492388666153e+09
-6.278244520340628624e+09
-6.275257998139900208e+09
-6.271286520623106956e+09
-6.266328215053692818e+09
-6.260380736688908577e+09
-6.253441263203145981e+09
-6.245506487936474800e+09
-6.236572611930376053e+09
-6.226635334705428123e+09
-6.215689843727962494e+09
-6.203730802504435539e+09
-6.190752337233364105e+09
-6.176748021934926033e+09
-6.161710861967829704e+09
-6.145633275831407547e+09
-6.128507075138191223e+09
-6.110323442628065109e+09
-6.091072908079490662e+09
-6.070745321955817223e+09
-6.049329826605222702e+09
-6.026814824810976028e+09
-6.003187945464123726e+09
-5.978436006103002548e+09
-5.952544972032593727e+09
-5.925499911701191902e+09
-5.897284947971380234e+09
-5.867883204876132965e+09
-5.837276749398099899e+09
-5.805446527749483109e+09
-5.772372295560297012e+09
-5.738032541302307129e+09
-5.702404402182907104e+09
-5.665463571635107994e+09
-5.627184197403929710e+09
-5.587538769082431793e+09
-5.546497993778106689e+09
-5.504030658387411118e+09
-5.460103476716460228e+09
-5.414680919401663780e+09
-5.367725024245592117e+09
-5.319195184178795815e+09
-5.269047909572284698e+09
-5.217236561039175987e+09
-5.163711048153095245e+09
-5.108417488644740105e+09
-5.051297821576467514e+09
-4.992289366686744690e+09
-4.931324320474424362e+09
-4.868329177569055557e+09
-4.803224063390805244e+09
-4.735921960885906219e+09
-4.666327810019884109e+09
-4.594337453434082031e+09
-4.519836394825370789e+09
-4.442698327643626213e+09
-4.362783379839708328e+09
-4.279936004528846741e+09
-4.193982424953369141e+09
-4.104727512670210838e+09
-4.011950936916408062e+09
-3.915402365233456612e+09
-3.814795412289588451e+09
-3.709799912134651661e+09
-3.600031907222697735e+09
-3.485040469272538662e+09
-3.364290030067541122e+09
-3.237136193436259270e+09
-3.102791816702622890e+09
-2.960278090861934662e+09
-2.808351596074862003e+09
-2.645391085192115307e+09
-2.469212889677649975e+09
-2.276750664869831085e+09
-2.063452902277836323e+09
-1.822016784870839357e+09
-1.539258082090831280e+09
-1.185980065899705172e+09
-6.568447188183970451e+08
