-5.904894584239906073e+08
-1.151008935021243572e+09
-1.512821314956341267e+09
-1.800027246452777624e+09
-2.044316717012590647e+09
-2.259651872621211052e+09
-2.453667729323307514e+09
-2.631084768855477333e+09
-2.795065614682883263e+09
-2.947853373958851814e+09
-3.091108253173477173e+09
-3.226100424012313366e+09
-3.353827761422208786e+09
-3.475091416820400715e+09
-3.590546344462075710e+09
-3.700736243330476284e+09
-3.806118420145150661e+09
-3.907081917254267693e+09
-4.003961011623488426e+09
-4.097045453929616451e+09
-4.186588362262084007e+09
-4.272812396184735775e+09
-4.355914648549739838e+09
-4.436070566662471771e+09
-4.513437128604613304e+09
-4.588155440895920753e+09
-4.660352881518485069e+09
-4.730144882054999352e+09
-4.797636420643314362e+09
-4.862923281179122925e+09
-4.926093122047459602e+09
-4.987226388488023758e+09
-5.046397095698865891e+09
-5.103673504391051292e+09
-5.159118706316724777e+09
-5.212791134009659767e+09
-5.264745006384536743e+09
-5.315030719778650284e+09
-5.363695192367779732e+09
-5.410782168556256294e+09
-5.456332488861185074e+09
-5.500384329929726601e+09
-5.542973418605713844e+09
-5.584133223366109848e+09
-5.623895125954207420e+09
-5.662288575625621796e+09
-5.699341228079611778e+09
-5.735079070859811783e+09
-5.769526536765308380e+09
-5.802706606607178688e+09
-5.834640902470753670e+09
-5.865349772494859695e+09
-5.894852368051715851e+09
-5.923166714101754189e+09
-5.950309773403368950e+09
-5.976297505176176071e+09
-6.001144918745834351e+09
-6.024866122637211800e+09
-6.047474369529215813e+09
-6.068982097437977791e+09
-6.089400967454121590e+09
-6.108741898323937416e+09
-6.127015098132543564e+09
-6.144230093319144249e+09
-6.160395755229662895e+09
-6.175520324389950752e+09
-6.189611432663096428e+09
-6.202676123436778069e+09
-6.214720869970776558e+09
-6.225751592020563126e+09
-6.235773670840008736e+09
-6.244791962654562950e+09
-6.252810810685639381e+09
-6.259834055797167778e+09
-6.265865045826272964e+09
-6.270906643651742935e+09
-6.274961234046175003e+09
-6.278030729350379944e+09
-6.280116574001766205e+09
-6.281219747941822052e+09
-6.281340768921521187e+09
-6.280479693717313766e+09
-6.278636118264387131e+09
-6.275809176707916260e+09
-6.271997539367114067e+09
-6.267199409600879669e+09
-6.261412519557765961e+09
-6.254634124786714554e+09
-6.246860997678503036e+09
-6.238089419701026917e+09
-6.228315172384387970e+09
-6.217533527004086494e+09
-6.205739232902460098e+09
-6.192926504379686356e+09
-6.179089006076107025e+09
-6.164219836757241249e+09
-6.148311511401400566e+09
-6.131355941477310181e+09
-6.113344413285243034e+09
-6.094267564219780922e+09
-6.074115356795206070e+09
-6.052877050255360603e+09
-6.030541169568396568e+09
-6.007095471582695961e+09
-5.982526908093095779e+09
-5.956821585535794258e+09
-5.929964720995484352e+09
-5.901940594168631554e+09
-5.872732494881640434e+09
-5.842322665711004257e+09
-5.810692239193275452e+09
-5.777821169044610977e+09
-5.743688154731047630e+09
-5.708270558639814377e+09
-5.671544314996497154e+09
-5.633483829550122261e+09
-5.594061868904828072e+09
-5.553249438208756447e+09
-5.511015645713175774e+09
-5.467327552481522560e+09
-5.422150005251644135e+09
-5.375445450125585556e+09
-5.327173724368293762e+09
-5.277291823125066757e+09
-5.225753637299031258e+09
-5.172509658141207695e+09
-5.117506643267082214e+09
-5.060687237786978722e+09
-5.001989542973467827e+09
-4.941346623323493004e+09
-4.878685940921354294e+09
-4.813928703559653282e+09
-4.746989109979714394e+09
-4.677773471650279999e+09
-4.606179185440235138e+09
-4.532093524982605934e+09
-4.455392209951251030e+09
-4.375937701144516945e+09
-4.293577154145511150e+09
-4.208139943894595146e+09
-4.119434644547816277e+09
-4.027245310196414948e+09
-3.931326847362843037e+09
-3.831399191886871338e+09
-3.727139888558720112e+09
-3.618174501689807415e+09
-3.504064025523747921e+09
-3.384288058035212040e+09
-3.258221849268161297e+09
-3.125104249914835453e+09
-2.983991709291720867e+09
-2.833690079014699459e+09
-2.672649509604576111e+09
-2.498794575984879017e+09
-2.309232829156032562e+09
-2.099714547273303986e+09
-1.863520618428713560e+09
-1.588798289615573645e+09
-1.250405497972731829e+09
-7.683819415721247196e+08
