-6.219322736783720016e+09
-6.140782920443975449e+09
-6.062243104104229927e+09
-5.983703287764485359e+09
-5.905163471424740791e+09
-5.826623655084996223e+09
-5.748083838745250702e+09
-5.669544022405506134e+09
-5.591004206065761566e+09
-5.512464389726016998e+09
-5.433924573386271477e+09
-5.355384757046526909e+09
-5.276844940706782341e+09
-5.198305124367036819e+09
-5.119765308027292252e+09
-5.041225491687547684e+09
-4.962685675347803116e+09
-4.884145859008057594e+09
-4.805606042668313026e+09
-4.727066226328568459e+09
-4.648526409988823891e+09
-4.569986593649079323e+09
-4.491446777309333801e+09
-4.412906960969589233e+09
-4.334367144629844666e+09
-4.255827328290100098e+09
-4.177287511950355053e+09
-4.098747695610610485e+09
-4.020207879270865440e+09
-3.941668062931120396e+09
-3.863128246591375828e+09
-3.784588430251630783e+09
-3.706048613911886215e+09
-3.627508797572141171e+09
-3.548968981232396603e+09
-3.470429164892651558e+09
-3.391889348552906990e+09
-3.313349532213161945e+09
-3.234809715873417377e+09
-3.156269899533672333e+09
-3.077730083193927765e+09
-2.999190266854182720e+09
-2.920650450514438152e+09
-2.842110634174693108e+09
-2.763570817834948063e+09
-2.685031001495203495e+09
-2.606491185155458450e+09
-2.527951368815713882e+09
-2.449411552475968838e+09
-2.370871736136224270e+09
-2.292331919796479225e+09
-2.213792103456734657e+09
-2.135252287116989613e+09
-2.056712470777244568e+09
-1.978172654437500000e+09
-1.899632838097754955e+09
-1.821093021758010387e+09
-1.742553205418265343e+09
-1.664013389078520775e+09
-1.585473572738775730e+09
-1.506933756399031162e+09
-1.428393940059286118e+09
-1.349854123719541550e+09
-1.271314307379796505e+09
-1.192774491040051699e+09
-1.114234674700306892e+09
-1.035694858360562086e+09
-9.571550420208172798e+08
-8.786152256810724735e+08
-8.000754093413276672e+08
-7.215355930015828609e+08
-6.429957766618380547e+08
-5.644559603220932484e+08
-4.859161439823483229e+08
-4.073763276426035166e+08
-3.288365113028587103e+08
-2.502966949631139040e+08
-1.717568786233690679e+08
-9.321706228362423182e+07
-1.467724594387942553e+07
6.386257039586538076e+07
1.424023867356102467e+08
2.209422030753550529e+08
2.994820194150998592e+08
3.780218357548446655e+08
4.565616520945894718e+08
5.351014684343342781e+08
6.136412847740792036e+08
6.921811011138240099e+08
7.707209174535688162e+08
8.492607337933136225e+08
9.278005501330584288e+08
1.006340366472803235e+09
1.084880182812548161e+09
1.163419999152292728e+09
1.241959815492037773e+09
1.320499631831782341e+09
1.399039448171527386e+09
1.477579264511271954e+09
1.556119080851016998e+09
1.634658897190762043e+09
1.713198713530506611e+09
1.791738529870251656e+09
1.870278346209996223e+09
1.948818162549740791e+09
2.027357978889485836e+09
2.105897795229230404e+09
2.184437611568975449e+09
2.262977427908720493e+09
2.341517244248465061e+09
2.420057060588210106e+09
2.498596876927954674e+09
2.577136693267699718e+09
2.655676509607444286e+09
2.734216325947189331e+09
2.812756142286933899e+09
2.891295958626678944e+09
2.969835774966423512e+09
3.048375591306168556e+09
3.126915407645913124e+09
3.205455223985658169e+09
3.283995040325402737e+09
3.362534856665147781e+09
3.441074673004892826e+09
3.519614489344637394e+09
3.598154305684382439e+09
3.676694122024127007e+09
3.755233938363872051e+09
3.833773754703616619e+09
3.912313571043361664e+09
3.990853387383106709e+09
4.069393203722851276e+09
4.147933020062595844e+09
4.226472836402340412e+09
4.305012652742086411e+09
4.383552469081830978e+09
4.462092285421575546e+09
4.540632101761320114e+09
4.619171918101065636e+09
4.697711734440810204e+09
4.776251550780554771e+09
4.854791367120300293e+09
4.933331183460044861e+09
5.011870999799789429e+09
5.090410816139533997e+09
5.168950632479279518e+09
5.247490448819024086e+09
5.326030265158768654e+09
5.404570081498513222e+09
5.483109897838258743e+09
5.561649714178003311e+09
5.640189530517747879e+09
5.718729346857492447e+09
5.797269163197237968e+09
5.875808979536982536e+09
5.954348795876727104e+09
6.032888612216472626e+09
6.111428428556217194e+09
6.189968244895961761e+09
6.268508061235706329e+09
