-7.879686420532381535e+08
-1.262384080923116207e+09
-1.598122507561801195e+09
-1.871373967191429138e+09
-2.106596424445505142e+09
-2.315409134557004929e+09
-2.504426764709260464e+09
-2.677844352028850555e+09
-2.838522559729297638e+09
-2.988516900569603920e+09
-3.129364025227296829e+09
-3.262248938122602940e+09
-3.388108625867234230e+09
-3.507699385860837460e+09
-3.621642292794758797e+09
-3.730454906154141426e+09
-3.834573993449332237e+09
-3.934372200253180504e+09
-4.030170530326327801e+09
-4.122247856618421078e+09
-4.210848284345824718e+09
-4.296186931531241417e+09
-4.378454524377307892e+09
-4.457821091959506035e+09
-4.534438967314105034e+09
-4.608445247930457115e+09
-4.679963830260619164e+09
-4.749107105174733162e+09
-4.815977381050833702e+09
-4.880668086201314926e+09
-4.943264791110568047e+09
-5.003846082455118179e+09
-5.062484314372550011e+09
-5.119246257422415733e+09
-5.174193661769663811e+09
-5.227383748048343658e+09
-5.278869636931866646e+09
-5.328700726498067856e+09
-5.376923024922296524e+09
-5.423579444775994301e+09
-5.468710064188121796e+09
-5.512352359293342590e+09
-5.554541411706274033e+09
-5.595310094195997238e+09
-5.634689237266057968e+09
-5.672707778954502106e+09
-5.709392899841324806e+09
-5.744770144975756645e+09
-5.778863534203733444e+09
-5.811695662179256439e+09
-5.843287789176170349e+09
-5.873659923674177170e+09
-5.902830897570722580e+09
-5.930818434765445709e+09
-5.957639213773386002e+09
-5.983308924944935799e+09
-6.007842322802730560e+09
-6.031253273946662903e+09
-6.053554800926774979e+09
-6.074759122438807487e+09
-6.094877690157699585e+09
-6.113921222489642143e+09
-6.131899735492668152e+09
-6.148822571188692093e+09
-6.164698423465872765e+09
-6.179535361748839378e+09
-6.193340852595207214e+09
-6.206121779359774590e+09
-6.217884460052421570e+09
-6.228634663501920700e+09
-6.238377623925358772e+09
-6.247118053991470337e+09
-6.254860156455807686e+09
-6.261607634436161041e+09
-6.267363700387803078e+09
-6.272131083830025673e+09
-6.275912037867768288e+09
-6.278708344544996262e+09
-6.280521319059668541e+09
-6.281351812863666534e+09
-6.281200215664755821e+09
-6.280066456341599464e+09
-6.277950002776823044e+09
-6.274849860607243538e+09
-6.270764570884367943e+09
-6.265692206632329941e+09
-6.259630368284236908e+09
-6.252576177971607208e+09
-6.244526272634973526e+09
-6.235476795916851997e+09
-6.225423388790933609e+09
-6.214361178873619080e+09
-6.202284768355648994e+09
-6.189188220482561111e+09
-6.175065044502960205e+09
-6.159908178992867470e+09
-6.143709973452746391e+09
-6.126462168060854912e+09
-6.108155871452341080e+09
-6.088781536377631187e+09
-6.068328933075993538e+09
-6.046787120180430412e+09
-6.024144412947891235e+09
-6.000388348583888054e+09
-5.975505648402477264e+09
-5.949482176530759811e+09
-5.922302894830953598e+09
-5.893951813672014236e+09
-5.864411938135895729e+09
-5.833665209189900398e+09
-5.801692439295027733e+09
-5.768473241849370956e+09
-5.733985953783801079e+09
-5.698207550532562256e+09
-5.661113552491356850e+09
-5.622677921947421074e+09
-5.582872949316262245e+09
-5.541669127344052315e+09
-5.499035011727762222e+09
-5.454937066360706329e+09
-5.409339491121147156e+09
-5.362204029776214600e+09
-5.313489755160199165e+09
-5.263152828289821625e+09
-5.211146227479761124e+09
-5.157419442794679642e+09
-5.101918130287397385e+09
-5.044583719385828972e+09
-4.985352965450742722e+09
-4.924157437863162041e+09
-4.860922931923147202e+09
-4.795568790230016708e+09
-4.728007115906097412e+09
-4.658141855803430557e+09
-4.585867726397656441e+09
-4.511068948014653206e+09
-4.433617743780702591e+09
-4.353372547426967621e+09
-4.270175847656991005e+09
-4.183851574522460461e+09
-4.094201902673301697e+09
-4.001003303744191647e+09
-3.904001619849666595e+09
-3.802905843365616322e+09
-3.697380160832601070e+09
-3.587033628003968716e+09
-3.471406550325492382e+09
-3.349952181950186253e+09
-3.222011607608130932e+09
-3.086778413211561680e+09
-2.943247549812091827e+09
-2.790138760201634884e+09
-2.625777114947646141e+09
-2.447896976607613087e+09
-2.253299082076150417e+09
-2.037198294959134817e+09
-1.791831472874118090e+09
-1.502932518737516403e+09
-1.137811618447357893e+09
-5.639923729692902565e+08
