-6.323370219468212128e+08
-1.172753591476848364e+09
-1.529220343121866703e+09
-1.813654245938931704e+09
-2.056169152649050951e+09
-2.270238850715350628e+09
-2.463290540879784584e+09
-2.639939228993145466e+09
-2.803287529181526661e+09
-2.955541541621611118e+09
-3.098337236605478287e+09
-3.232928154741415977e+09
-3.360300324405845642e+09
-3.481246196577165127e+09
-3.596414170623643398e+09
-3.706342899225699425e+09
-3.811485731459270954e+09
-3.912228555451879501e+09
-4.008903098550429821e+09
-4.101797024663702488e+09
-4.191161724869538307e+09
-4.277218415159723282e+09
-4.360162970859017372e+09
-4.440169804007212639e+09
-4.517395005850541115e+09
-4.591978918053523064e+09
-4.664048254822332382e+09
-4.733717868364475250e+09
-4.801092228413617134e+09
-4.866266670528114319e+09
-4.929328455900516510e+09
-4.990357676370201111e+09
-5.049428031427129745e+09
-5.106607498674219131e+09
-5.161958915079440117e+09
-5.215540483106144905e+09
-5.267406213248480797e+09
-5.317606312460237503e+09
-5.366187526332251549e+09
-5.413193441556415558e+09
-5.458664754145793915e+09
-5.502639508008531570e+09
-5.545153307757849693e+09
-5.586239509050601959e+09
-5.625929389257976532e+09
-5.664252300864959717e+09
-5.701235809654780388e+09
-5.736905819448723793e+09
-5.771286684930659294e+09
-5.804401313881546974e+09
-5.836271259975874901e+09
-5.866916807144070625e+09
-5.896357046378501892e+09
-5.924609945752030373e+09
-5.951692414324600220e+09
-5.977620360532503128e+09
-6.002408745584984779e+09
-6.026071632331974030e+09
-6.048622230013690948e+09
-6.070072935256552696e+09
-6.090435369639105797e+09
-6.109720414116067886e+09
-6.127938240557000160e+09
-6.145098340628380775e+09
-6.161209552223099709e+09
-6.176280083619532585e+09
-6.190317535532734871e+09
-6.203328921202830315e+09
-6.215320684649950027e+09
-6.226298717210907936e+09
-6.236268372460049629e+09
-6.245234479605028152e+09
-6.253201355437714577e+09
-6.260172814910728455e+09
-6.266152180401078224e+09
-6.271142289714187622e+09
-6.275145502873765945e+09
-6.278163707735776901e+09
-6.280198324457839966e+09
-6.281250308848878860e+09
-6.281320154617486000e+09
-6.280407894531387329e+09
-6.278513100494348526e+09
-6.275634882540950775e+09
-6.271771886743732452e+09
-6.266922292021174431e+09
-6.261083805828945160e+09
-6.254253658710495949e+09
-6.246428597676630974e+09
-6.237604878376787186e+09
-6.227778256017628670e+09
-6.216943974976829529e+09
-6.205096757051743507e+09
-6.192230788273808479e+09
-6.178339704209918976e+09
-6.163416573661559105e+09
-6.147453880660993576e+09
-6.130443504651229858e+09
-6.112376698722490311e+09
-6.093244065762464523e+09
-6.073035532360399246e+09
-6.051740320285815239e+09
-6.029346915341064453e+09
-6.005843033362692833e+09
-5.981215583119222641e+09
-5.955450625822019577e+09
-5.928533330930861473e+09
-5.900447927895908356e+09
-5.871177653432290077e+09
-5.840704693871528625e+09
-5.809010122074307442e+09
-5.776073828320518494e+09
-5.741874444513339996e+09
-5.706389260942523003e+09
-5.669594134745762825e+09
-5.631463389083302498e+09
-5.591969701896307945e+09
-5.551083982950140953e+09
-5.508775237664318085e+09
-5.465010415995577812e+09
-5.419754244361583710e+09
-5.372969038260807991e+09
-5.324614492847513199e+09
-5.274647448244567871e+09
-5.223021625802704811e+09
-5.169687330819065094e+09
-5.114591116380488396e+09
-5.057675401959276199e+09
-4.998878039111203194e+09
-4.938131815042125702e+09
-4.875363882835091591e+09
-4.810495104651196480e+09
-4.743439291083212852e+09
-4.674102315847349167e+09
-4.602381079867867470e+09
-4.528162292160091400e+09
-4.451321026218394279e+09
-4.371718999119919777e+09
-4.289202505195668221e+09
-4.203599915356617928e+09
-4.114718624729296684e+09
-4.022341291772839546e+09
-3.926221156380022049e+09
-3.826076144643490791e+09
-3.721581351376394749e+09
-3.612359317636293888e+09
-3.497967255280352592e+09
-3.377879955358395576e+09
-3.251466447790772915e+09
-3.117957364029356956e+09
-2.976398021300122738e+09
-2.825578743017491817e+09
-2.663927228601407051e+09
-2.489334111780549526e+09
-2.298852617146909714e+09
-2.088139215941020489e+09
-1.850294681783687115e+09
-1.573060211251257181e+09
-1.230085135876921892e+09
-7.344136772197772264e+08
