-6.226529860607989311e+09
-6.147990044268244743e+09
-6.069450227928500175e+09
-5.990910411588755608e+09
-5.912370595249011040e+09
-5.833830778909264565e+09
-5.755290962569519997e+09
-5.676751146229775429e+09
-5.598211329890030861e+09
-5.519671513550286293e+09
-5.441131697210541725e+09
-5.362591880870797157e+09
-5.284052064531052589e+09
-5.205512248191306114e+09
-5.126972431851561546e+09
-5.048432615511816978e+09
-4.969892799172072411e+09
-4.891352982832327843e+09
-4.812813166492583275e+09
-4.734273350152838707e+09
-4.655733533813092232e+09
-4.577193717473347664e+09
-4.498653901133603096e+09
-4.420114084793858528e+09
-4.341574268454113960e+09
-4.263034452114369392e+09
-4.184494635774624825e+09
-4.105954819434880257e+09
-4.027415003095133781e+09
-3.948875186755389214e+09
-3.870335370415644646e+09
-3.791795554075900078e+09
-3.713255737736155510e+09
-3.634715921396410942e+09
-3.556176105056666374e+09
-3.477636288716920853e+09
-3.399096472377176285e+09
-3.320556656037430763e+09
-3.242016839697686195e+09
-3.163477023357941628e+09
-3.084937207018197060e+09
-3.006397390678451538e+09
-2.927857574338706970e+09
-2.849317757998962402e+09
-2.770777941659217834e+09
-2.692238125319472313e+09
-2.613698308979727745e+09
-2.535158492639983177e+09
-2.456618676300238609e+09
-2.378078859960493088e+09
-2.299539043620748520e+09
-2.220999227281003952e+09
-2.142459410941258430e+09
-2.063919594601513863e+09
-1.985379778261769295e+09
-1.906839961922024727e+09
-1.828300145582279205e+09
-1.749760329242534637e+09
-1.671220512902790070e+09
-1.592680696563045502e+09
-1.514140880223299980e+09
-1.435601063883555412e+09
-1.357061247543810844e+09
-1.278521431204066277e+09
-1.199981614864320755e+09
-1.121441798524576187e+09
-1.042901982184831619e+09
-9.643621658450860977e+08
-8.858223495053415298e+08
-8.072825331655969620e+08
-7.287427168258523941e+08
-6.502029004861068726e+08
-5.716630841463623047e+08
-4.931232678066177368e+08
-4.145834514668731689e+08
-3.360436351271276474e+08
-2.575038187873830795e+08
-1.789640024476385117e+08
-1.004241861078939438e+08
-2.188436976814842224e+07
5.665544657159614563e+07
1.351952629113407135e+08
2.137350792510862350e+08
2.922748955908308029e+08
3.708147119305753708e+08
4.493545282703199387e+08
5.278943446100654602e+08
6.064341609498100281e+08
6.849739772895545959e+08
7.635137936292991638e+08
8.420536099690442085e+08
9.205934263087892532e+08
9.991332426485338211e+08
1.077673058988278866e+09
1.156212875328023434e+09
1.234752691667768478e+09
1.313292508007513046e+09
1.391832324347258091e+09
1.470372140687003136e+09
1.548911957026747704e+09
1.627451773366492748e+09
1.705991589706237316e+09
1.784531406045982361e+09
1.863071222385726929e+09
1.941611038725471973e+09
2.020150855065216541e+09
2.098690671404961586e+09
2.177230487744706154e+09
2.255770304084451199e+09
2.334310120424195766e+09
2.412849936763940811e+09
2.491389753103685379e+09
2.569929569443430424e+09
2.648469385783175468e+09
2.727009202122920036e+09
2.805549018462665081e+09
2.884088834802409649e+09
2.962628651142154694e+09
3.041168467481899261e+09
3.119708283821643829e+09
3.198248100161388874e+09
3.276787916501133919e+09
3.355327732840878487e+09
3.433867549180623531e+09
3.512407365520368576e+09
3.590947181860113144e+09
3.669486998199857712e+09
3.748026814539602757e+09
3.826566630879347801e+09
3.905106447219092369e+09
3.983646263558836937e+09
4.062186079898581982e+09
4.140725896238327026e+09
4.219265712578071594e+09
4.297805528917816162e+09
4.376345345257561684e+09
4.454885161597306252e+09
4.533424977937050819e+09
4.611964794276795387e+09
4.690504610616540909e+09
4.769044426956285477e+09
4.847584243296030045e+09
4.926124059635774612e+09
5.004663875975520134e+09
5.083203692315264702e+09
5.161743508655009270e+09
5.240283324994754791e+09
5.318823141334499359e+09
5.397362957674243927e+09
5.475902774013988495e+09
5.554442590353734016e+09
5.632982406693478584e+09
5.711522223033223152e+09
5.790062039372967720e+09
5.868601855712713242e+09
5.947141672052457809e+09
6.025681488392202377e+09
6.104221304731946945e+09
6.182761121071692467e+09
6.261300937411437035e+09
