-7.067502496224982738e+08
-1.213978462135793924e+09
-1.560658352175891638e+09
-1.839898984292824745e+09
-2.079053882679764986e+09
-2.290712731066137791e+09
-2.481920139720413685e+09
-2.657094905743818760e+09
-2.819227215179426670e+09
-2.970453473459161282e+09
-3.112363825079173565e+09
-3.246180265455997467e+09
-3.372866295379808426e+09
-3.493197785937821388e+09
-3.607810622988867283e+09
-3.717233810983696938e+09
-3.821913122271106720e+09
-3.922228399437548161e+09
-4.018506478160686970e+09
-4.111031015108378410e+09
-4.200050082302028179e+09
-4.285782119404364109e+09
-4.368420658620881081e+09
-4.448138118451793671e+09
-4.525088881500636101e+09
-4.599411815073328018e+09
-4.671232353275761604e+09
-4.740664230510628700e+09
-4.807810935248420715e+09
-4.872766937402638435e+09
-4.935618731009611130e+09
-4.996445725117025375e+09
-5.055321009064223289e+09
-5.112312013153213501e+09
-5.167481081675467491e+09
-5.220885972094744682e+09
-5.272580291684153557e+09
-5.322613880923099518e+09
-5.371033151362315178e+09
-5.417881384376127243e+09
-5.463198996174714088e+09
-5.507023773594778061e+09
-5.549391084485789299e+09
-5.590334065930343628e+09
-5.629883793057443619e+09
-5.668069430807908058e+09
-5.704918370676825523e+09
-5.740456354177027702e+09
-5.774707584530626297e+09
-5.807694827894997597e+09
-5.839439505259020805e+09
-5.869961775999887466e+09
-5.899280613966284752e+09
-5.927413876846777916e+09
-5.954378369490110397e+09
-5.980189901764516830e+09
-6.004863341474103928e+09
-6.028412662790380478e+09
-6.050850990604702950e+09
-6.072190641161643982e+09
-6.092443159293228149e+09
-6.111619352538676262e+09
-6.129729322403261185e+09
-6.146782492982327461e+09
-6.162787637152231216e+09
-6.177752900508190155e+09
-6.191685823209779739e+09
-6.204593359877440453e+09
-6.216481897667853355e+09
-6.227357272642035484e+09
-6.237224784527316093e+09
-6.246089209962872505e+09
-6.253954814307989120e+09
-6.260825362082554817e+09
-6.266704126100487709e+09
-6.271593895348473549e+09
-6.275496981654778481e+09
-6.278415225185642242e+09
-6.280349998799920082e+09
-6.281302211286132812e+09
-6.281272309499773026e+09
-6.280260279412613869e+09
-6.278265646079786301e+09
-6.275287472524434090e+09
-6.271324357533838272e+09
-6.266374432354881287e+09
-6.260435356270627975e+09
-6.253504311033482552e+09
-6.245577994123844147e+09
-6.236652610796300888e+09
-6.226723864868206024e+09
-6.215786948197695732e+09
-6.203836528789989471e+09
-6.190866737461878777e+09
-6.176871152984605789e+09
-6.161842785614827156e+09
-6.145774058911722183e+09
-6.128656789725598335e+09
-6.110482166229249954e+09
-6.091240723847678185e+09
-6.070922318924342155e+09
-6.049516099942677498e+09
-6.027010476099760056e+09
-6.003393083004434586e+09
-5.978650745244563103e+09
-5.952769435536696434e+09
-5.925734230135960579e+09
-5.897529260143506050e+09
-5.868137658302780151e+09
-5.837541500823124886e+09
-5.805721743708701134e+09
-5.772658153001123428e+09
-5.738329228263860703e+09
-5.702712118543503761e+09
-5.665782529935047150e+09
-5.627514623752663612e+09
-5.587880904160504341e+09
-5.546852093945878983e+09
-5.504396996914429665e+09
-5.460482345147545815e+09
-5.415072629078406334e+09
-5.368129908005100250e+09
-5.319613598255253792e+09
-5.269480235731432915e+09
-5.217683208981246948e+09
-5.164172458226402283e+09
-5.108894134920201302e+09
-5.051790215343327522e+09
-4.992798060442038536e+09
-4.931849912494053841e+09
-4.868872317167506218e+09
-4.803785457000674248e+09
-4.736502379119103432e+09
-4.666928095911624908e+09
-4.594958532121517181e+09
-4.520479284978749275e+09
-4.443364155054848671e+09
-4.363473393688704491e+09
-4.280651597003754139e+09
-4.194725155112192154e+09
-4.105499135723920822e+09
-4.012753440522771835e+09
-3.916238014973485947e+09
-3.815666809342535019e+09
-3.710710067414543629e+09
-3.600984338122519970e+09
-3.486039328076257229e+09
-3.365340277725818157e+09
-3.238243840011379719e+09
-3.103964262738575935e+09
-2.961524626918282032e+09
-2.809684160511167526e+09
-2.646825465025952339e+09
-2.470770729406311989e+09
-2.278463066799808502e+09
-2.065367495326005936e+09
-1.824213482360626221e+09
-1.541891618176185846e+09
-1.189440074016474724e+09
-6.631505196026692390e+08
