-9.790233048359138966e+08
-1.388143207046278238e+09
-1.697957446352602959e+09
-1.956231175111579657e+09
-2.181349198507941246e+09
-2.382727688109300613e+09
-2.565962030122966290e+09
-2.734701819007237911e+09
-2.891485765524162769e+09
-3.038165370758289337e+09
-3.176140850532214165e+09
-3.306502015614502907e+09
-3.430117119079854965e+09
-3.547691406597429276e+09
-3.659807122893832684e+09
-3.766951689579023361e+09
-3.869538070746781826e+09
-3.967919823382755756e+09
-4.062402437367275715e+09
-4.153252026540162086e+09
-4.240702090844273090e+09
-4.324958848951126099e+09
-4.406205494691429138e+09
-4.484605631744655609e+09
-4.560306072798343658e+09
-4.633439141439722061e+09
-4.704124580806562424e+09
-4.772471148217660904e+09
-4.838577956785457611e+09
-4.902535611467692375e+09
-4.964427176827786446e+09
-5.024329006030790329e+09
-5.082311454658896446e+09
-5.138439498327322960e+09
-5.192773269485420227e+09
-5.245368525956294060e+09
-5.296277061521813393e+09
-5.345547067065259933e+09
-5.393223449340525627e+09
-5.439348113268875122e+09
-5.483960212713569641e+09
-5.527096373904464722e+09
-5.568790895044358253e+09
-5.609075925099307060e+09
-5.647981624335103035e+09
-5.685536308794796944e+09
-5.721766580604244232e+09
-5.756697445733433723e+09
-5.790352420622317314e+09
-5.822753628894001961e+09
-5.853921889219946861e+09
-5.883876795266641617e+09
-5.912636788537301064e+09
-5.940219224822496414e+09
-5.966640434887584686e+09
-5.991915779950421333e+09
-6.016059702438204765e+09
-6.039085772456084251e+09
-6.061006730351054192e+09
-6.081834525711686134e+09
-6.101580353106500626e+09
-6.120254684830561638e+09
-6.137867300900555611e+09
-6.154427316512620926e+09
-6.169943207154166222e+09
-6.184422831540351868e+09
-6.197873452527565956e+09
-6.210301756139793396e+09
-6.221713868828962326e+09
-6.232115373077021599e+09
-6.241511321435369492e+09
-6.249906249086257935e+09
-6.257304185000731468e+09
-6.263708661758345604e+09
-6.269122724085406303e+09
-6.273548936160468102e+09
-6.276989387728396416e+09
-6.279445699057228088e+09
-6.280919024765433311e+09
-6.281410056540731430e+09
-6.280919024765433311e+09
-6.279445699057228088e+09
-6.276989387728397369e+09
-6.273548936160469055e+09
-6.269122724085406303e+09
-6.263708661758345604e+09
-6.257304185000732422e+09
-6.249906249086258888e+09
-6.241511321435369492e+09
-6.232115373077022552e+09
-6.221713868828962326e+09
-6.210301756139793396e+09
-6.197873452527566910e+09
-6.184422831540352821e+09
-6.169943207154168129e+09
-6.154427316512621880e+09
-6.137867300900556564e+09
-6.120254684830563545e+09
-6.101580353106501579e+09
-6.081834525711688042e+09
-6.061006730351056099e+09
-6.039085772456086159e+09
-6.016059702438206673e+09
-5.991915779950422287e+09
-5.966640434887585640e+09
-5.940219224822498322e+09
-5.912636788537302971e+09
-5.883876795266643524e+09
-5.853921889219949722e+09
-5.822753628894003868e+09
-5.790352420622320175e+09
-5.756697445733436584e+09
-5.721766580604246140e+09
-5.685536308794799805e+09
-5.647981624335105896e+09
-5.609075925099309921e+09
-5.568790895044361115e+09
-5.527096373904467583e+09
-5.483960212713572502e+09
-5.439348113268877983e+09
-5.393223449340528488e+09
-5.345547067065263748e+09
-5.296277061521817207e+09
-5.245368525956297874e+09
-5.192773269485424042e+09
-5.138439498327326775e+09
-5.082311454658901215e+09
-5.024329006030794144e+09
-4.964427176827790260e+09
-4.902535611467697144e+09
-4.838577956785462379e+09
-4.772471148217666626e+09
-4.704124580806567192e+09
-4.633439141439726830e+09
-4.560306072798348427e+09
-4.484605631744660378e+09
-4.406205494691434860e+09
-4.324958848951131821e+09
-4.240702090844279289e+09
-4.153252026540167332e+09
-4.062402437367281437e+09
-3.967919823382761478e+09
-3.869538070746788979e+09
-3.766951689579030991e+09
-3.659807122893840313e+09
-3.547691406597437382e+09
-3.430117119079864979e+09
-3.306502015614511013e+09
-3.176140850532222748e+09
-3.038165370758299351e+09
-2.891485765524174213e+09
-2.734701819007249355e+09
-2.565962030122979164e+09
-2.382727688109314442e+09
-2.181349198507958889e+09
-1.956231175111600637e+09
-1.697957446352623463e+09
-1.388143207046301842e+09
-9.790233048359515667e+08
