-8.449899374192007780e+08
-1.298288396469480038e+09
-1.626271970173964739e+09
-1.895159960541157246e+09
-2.127478560550458670e+09
-2.334172609226659298e+09
-2.521551408998983383e+09
-2.693648871193898678e+09
-2.853231495838045120e+09
-3.002295570209386349e+09
-3.142338366162087917e+09
-3.274517539807685852e+09
-3.399750406141719818e+09
-3.518778697802978516e+09
-3.632212441290004730e+09
-3.740560640827844143e+09
-3.844253320380639076e+09
-3.943657727199884415e+09
-4.039090484483825684e+09
-4.130826867455334663e+09
-4.219107994639691830e+09
-4.304146480601340294e+09
-4.386130934777470589e+09
-4.465229582233091354e+09
-4.541593207409242630e+09
-4.615357569638636589e+09
-4.686645402007089615e+09
-4.755568078283222198e+09
-4.822227012980329514e+09
-4.886714845041261673e+09
-4.949116444707551956e+09
-5.009509774848379135e+09
-5.067966631680482864e+09
-5.124553284906970978e+09
-5.179331033480430603e+09
-5.232356690191786766e+09
-5.283683005907401085e+09
-5.333359042379692078e+09
-5.381430501033198357e+09
-5.427940013897192955e+09
-5.472927401855493546e+09
-5.516429904566343307e+09
-5.558482385733140945e+09
-5.599117516851737976e+09
-5.638365942099270821e+09
-5.676256426645352364e+09
-5.712815990344776154e+09
-5.748070028500340462e+09
-5.782042421155995369e+09
-5.814755632186936378e+09
-5.846230799288594246e+09
-5.876487815825882912e+09
-5.905545405383670807e+09
-5.933421189755953789e+09
-5.960131751021982193e+09
-5.985692688280481339e+09
-6.010118669546142578e+09
-6.033423479254412651e+09
-6.055620061769759178e+09
-6.076720561248228073e+09
-6.096736358166082382e+09
-6.115678102792043686e+09
-6.133555745850412369e+09
-6.150378566595536232e+09
-6.166155198494403839e+09
-6.180893652692948341e+09
-6.194601339422824860e+09
-6.207285087488471031e+09
-6.218951161959153175e+09
-6.229605280176914215e+09
-6.239252626179013252e+09
-6.247897863622129440e+09
-6.255545147285316467e+09
-6.262198133219229698e+09
-6.267859987600440025e+09
-6.272533394341507912e+09
-6.276220561499958038e+09
-6.278923226522119522e+09
-6.280642660351061821e+09
-6.281379670421381950e+09
-6.281134602557331085e+09
-6.279907341784724236e+09
-6.277697312061083794e+09
-6.274503474922527313e+09
-6.270324327039984703e+09
-6.265157896671290398e+09
-6.259001738989570618e+09
-6.251852930261950493e+09
-6.243708060846058846e+09
-6.234563226964804649e+09
-6.224414021212614059e+09
-6.213255521738440514e+09
-6.201082280042482376e+09
-6.187888307314473152e+09
-6.173667059231500626e+09
-6.158411419122605324e+09
-6.142113679395547867e+09
-6.124765521108116150e+09
-6.106357991551941872e+09
-6.086881479700783730e+09
-6.066325689357370377e+09
-6.044679609812961578e+09
-6.021931483811371803e+09
-5.998068772583998680e+09
-5.973078117693978310e+09
-5.946945299395362854e+09
-5.919655191176695824e+09
-5.891191710116760254e+09
-5.861537762632798195e+09
-5.830675185147156715e+09
-5.798584679135934830e+09
-5.765245739951400757e+09
-5.730636578727027893e+09
-5.694734036577939987e+09
-5.657513490198055267e+09
-5.618948747825105667e+09
-5.579011934392711639e+09
-5.537673364510219574e+09
-5.494901401700870514e+09
-5.450662302080462456e+09
-5.404920040363838196e+09
-5.357636115735260010e+09
-5.308769334698355675e+09
-5.258275567515938759e+09
-5.206107474239766121e+09
-5.152214195589493752e+09
-5.096541003036397934e+09
-5.039028901338755608e+09
-4.979614175407759666e+09
-4.918227871684595108e+09
-4.854795202087015152e+09
-4.789234855913590431e+09
-4.721458201709177017e+09
-4.651368356771445274e+09
-4.578859096408313751e+09
-4.503813567816308975e+09
-4.426102763948214531e+09
-4.345583700138844490e+09
-4.262097219362017155e+09
-4.175465329058918476e+09
-4.085487940938194752e+09
-3.991938841143279076e+09
-3.894560655812658787e+09
-3.793058487115397453e+09
-3.687091762629592896e+09
-3.576263642395858765e+09
-3.460107022664563656e+09
-3.338065693056594849e+09
-3.209468418372239590e+09
-3.073492391465261936e+09
-2.929110176616704941e+09
-2.775009976130332470e+09
-2.609470694026822567e+09
-2.430155804232606411e+09
-2.233750245037406445e+09
-2.015263277108611345e+09
-1.766520588450374365e+09
-1.472265905763702869e+09
-1.096449633876546860e+09
-4.738139893253851533e+08
