-1.020984158775023699e+09
-1.526277578865821362e+09
-1.895970830156111479e+09
-2.199535195361179352e+09
-2.461558918294987202e+09
-2.694189504585376740e+09
-2.904498134062708378e+09
-3.097035563358108997e+09
-3.274937662980984688e+09
-3.440475498807277203e+09
-3.595357307021150112e+09
-3.740906871091944695e+09
-3.878175062705501556e+09
-4.008012844487164021e+09
-4.131120871135665417e+09
-4.248084260942416191e+09
-4.359397626963616371e+09
-4.465483512192234993e+09
-4.566706238759040833e+09
-4.663382494537215233e+09
-4.755789551206707954e+09
-4.844171731695008278e+09
-4.928745562789226532e+09
-5.009703925887369156e+09
-5.087219434343628883e+09
-5.161447206651546478e+09
-5.232527162539526939e+09
-5.300585938568698883e+09
-5.365738497482506752e+09
-5.428089488978124619e+09
-5.487734407122773170e+09
-5.544760580192693710e+09
-5.599248021473406792e+09
-5.651270163959980011e+09
-5.700894497526683807e+09
-5.748183123698402405e+09
-5.793193240432050705e+09
-5.835977567141551971e+09
-5.876584718452259064e+09
-5.915059533756964684e+09
-5.951443368495331764e+09
-5.985774352136932373e+09
-6.018087617073128700e+09
-6.048415501981729507e+09
-6.076787732694982529e+09
-6.103231583155509949e+09
-6.127772018670158386e+09
-6.150431823355360985e+09
-6.171231713399125099e+09
-6.190190437535763741e+09
-6.207324865933044434e+09
-6.222650068522052765e+09
-6.236179383653078079e+09
-6.247924477832397461e+09
-6.257895397181877136e+09
-6.266100611163084984e+09
-6.272547049017807007e+09
-6.277240129295753479e+09
-6.280183782765858650e+09
-6.281380468938732147e+09
-6.280831186362997055e+09
-6.278535476796352386e+09
-6.274491423292102814e+09
-6.268695642182452202e+09
-6.261143268880191803e+09
-6.251827937359245300e+09
-6.240741753110982895e+09
-6.227875259305959702e+09
-6.213217395818624496e+09
-6.196755450694049835e+09
-6.178475003549422264e+09
-6.158359860306881905e+09
-6.136391978546377182e+09
-6.112551382644811630e+09
-6.086816067728105545e+09
-6.059161891302165031e+09
-6.029562451242974281e+09
-5.997988948609800339e+09
-5.964410033492563248e+09
-5.928791631806904793e+09
-5.891096750598801613e+09
-5.851285259002784729e+09
-5.809313641498984337e+09
-5.765134719515619278e+09
-5.718697336701605797e+09
-5.669946002318452835e+09
-5.618820486133306503e+09
-5.565255356886240959e+09
-5.509179454790526390e+09
-5.450515286520754814e+09
-5.389178328639921188e+09
-5.325076222266051292e+09
-5.258107837785351753e+09
-5.188162183316127777e+09
-5.115117124052854538e+09
-5.038837871071192741e+09
-4.959175186951875687e+09
-4.875963240693311691e+09
-4.789017024409186363e+09
-4.698129217182620049e+09
-4.603066344121524811e+09
-4.503564026545972824e+09
-4.399321045319267273e+09
-4.289991832644253731e+09
-4.175176850660956383e+09
-4.054410079186767578e+09
-3.927142471556475639e+09
-3.792719662639136314e+09
-3.650351275235261440e+09
-3.499067586033346176e+09
-3.337656521636418819e+09
-3.164568799534996510e+09
-2.977768940554986477e+09
-2.774488707032870293e+09
-2.550791025024834633e+09
-2.300728073244839668e+09
-2.014505404922495127e+09
-1.673673185446412325e+09
-1.233774445625324726e+09
-4.704087365782869458e+08
