-8.285187911773443222e+08
-1.287763917787530899e+09
-1.617989932933953285e+09
-1.888149870294831514e+09
-2.121318325195866585e+09
-2.328633920440876484e+09
-2.516494273496868134e+09
-2.688980088463998795e+09
-2.848885290472014904e+09
-2.998223453126607895e+09
-3.138503360837402821e+09
-3.270890675579903126e+09
-3.396308477111887455e+09
-3.515502770061093330e+09
-3.629086823900884628e+09
-3.737572155693243980e+09
-3.841390771207028389e+09
-3.940911504933121204e+09
-4.036452268615669250e+09
-4.128289396155454159e+09
-4.216664885250568867e+09
-4.301792087618769646e+09
-4.383860236160859108e+09
-4.463038087422499657e+09
-4.539476882183020592e+09
-4.613312774185475349e+09
-4.684668839475244522e+09
-4.753656751716138840e+09
-4.820378189024297714e+09
-4.884926023166014671e+09
-4.947385330948716164e+09
-5.007834259284864426e+09
-5.066344769017054558e+09
-5.122983277654182434e+09
-5.177811217319625854e+09
-5.230885521188181877e+09
-5.282259049294155121e+09
-5.331980962683799744e+09
-5.380097053352622986e+09
-5.426650036169951439e+09
-5.471679807986915588e+09
-5.515223678301610947e+09
-5.557316575179465294e+09
-5.597991229568757057e+09
-5.637278340688143730e+09
-5.675206724776926994e+09
-5.711803449175529480e+09
-5.747093953431797981e+09
-5.781102158899271965e+09
-5.813850568099077225e+09
-5.845360354951671600e+09
-5.875651446843502998e+09
-5.904742599372659683e+09
-5.932651464513728142e+09
-5.959394652852436066e+09
-5.984987790463250160e+09
-6.009445570935873032e+09
-6.032781802998184204e+09
-6.055009454132164955e+09
-6.076140690534775734e+09
-6.096186913736617088e+09
-6.115158794156809807e+09
-6.133066301842154503e+09
-6.149918734611773491e+09
-6.165724743804622650e+09
-6.180492357806045532e+09
-6.194229003510600090e+09
-6.206941525861472130e+09
-6.218636205591528893e+09
-6.229318775277334213e+09
-6.238994433805038452e+09
-6.247667859335707664e+09
-6.255343220847377777e+09
-6.262024188321592331e+09
-6.267713941633487701e+09
-6.272415178196315765e+09
-6.276130119403746605e+09
-6.278860515906123161e+09
-6.280607651750070572e+09
-6.281372347404413223e+09
-6.281154961689032555e+09
-6.279955392617316246e+09
-6.277773077156780243e+09
-6.274606989906567574e+09
-6.270455640684560776e+09
-6.265317071010847092e+09
-6.259188849468091965e+09
-6.252068065913077354e+09
-6.243951324507031441e+09
-6.234834735525455475e+09
-6.224713905900823593e+09
-6.213583928443715096e+09
-6.201439369679558754e+09
-6.188274256229100227e+09
-6.174082059650866508e+09
-6.158855679653176308e+09
-6.142587425571435928e+09
-6.125268995993490219e+09
-6.106891456401408195e+09
-6.087445214682146072e+09
-6.066919994341712952e+09
-6.045304805237580299e+09
-6.022587911621758461e+09
-5.998756797261841774e+09
-5.973798127378961563e+09
-5.947697707109555244e+09
-5.920440436161382675e+09
-5.892010259292828560e+09
-5.862390112197219849e+09
-5.831561862319747925e+09
-5.799506244072442055e+09
-5.766202787841141701e+09
-5.731629742095811844e+09
-5.695763987819920540e+09
-5.658580944363516808e+09
-5.620054465695165634e+09
-5.580156725876529694e+09
-5.538858092405745506e+09
-5.496126985866574287e+09
-5.451929724073083878e+09
-5.406230348606232643e+09
-5.358990431289195061e+09
-5.310168857730033875e+09
-5.259721584557614326e+09
-5.207601366369671822e+09
-5.153757447675230980e+09
-5.098135214215017319e+09
-5.040675796941231728e+09
-4.981315620578330994e+09
-4.919985886998547554e+09
-4.856611981537203789e+09
-4.791112787720113754e+09
-4.723399892513687134e+09
-4.653376659914826393e+09
-4.580937145168056488e+09
-4.505964814711661339e+09
-4.428331027526865959e+09
-4.347893221066204071e+09
-4.264492728183318615e+09
-4.177952128754228115e+09
-4.088072008428203583e+09
-3.994626953361861706e+09
-3.897360548044608593e+09
-3.795979054326129913e+09
-3.690143319006658077e+09
-3.579458261138811111e+09
-3.463458988664213181e+09
-3.341592118075098515e+09
-3.213190096384426117e+09
-3.077435019935096264e+09
-2.933306155661479950e+09
-2.779501159967156410e+09
-2.614312794631628990e+09
-2.435425850357419491e+09
-2.239560169207855701e+09
-2.021787185861588240e+09
-1.774057522411422729e+09
-1.481418156778710604e+09
-1.108865371513300657e+09
-5.022231212794473767e+08
