-6.213218834062479973e+09
-6.134679017722735405e+09
-6.056139201382990837e+09
-5.977599385043246269e+09
-5.899059568703499794e+09
-5.820519752363755226e+09
-5.741979936024010658e+09
-5.663440119684266090e+09
-5.584900303344521523e+09
-5.506360487004776955e+09
-5.427820670665032387e+09
-5.349280854325287819e+09
-5.270741037985541344e+09
-5.192201221645796776e+09
-5.113661405306052208e+09
-5.035121588966307640e+09
-4.956581772626563072e+09
-4.878041956286818504e+09
-4.799502139947073936e+09
-4.720962323607327461e+09
-4.642422507267582893e+09
-4.563882690927838326e+09
-4.485342874588093758e+09
-4.406803058248349190e+09
-4.328263241908604622e+09
-4.249723425568860054e+09
-4.171183609229115486e+09
-4.092643792889369011e+09
-4.014103976549624443e+09
-3.935564160209879875e+09
-3.857024343870135307e+09
-3.778484527530390739e+09
-3.699944711190646172e+09
-3.621404894850901604e+09
-3.542865078511156082e+09
-3.464325262171411514e+09
-3.385785445831665993e+09
-3.307245629491921425e+09
-3.228705813152176857e+09
-3.150165996812432289e+09
-3.071626180472686768e+09
-2.993086364132942200e+09
-2.914546547793197632e+09
-2.836006731453453064e+09
-2.757466915113707542e+09
-2.678927098773962975e+09
-2.600387282434218407e+09
-2.521847466094473839e+09
-2.443307649754728317e+09
-2.364767833414983749e+09
-2.286228017075239182e+09
-2.207688200735493660e+09
-2.129148384395749092e+09
-2.050608568056004524e+09
-1.972068751716259956e+09
-1.893528935376514435e+09
-1.814989119036769867e+09
-1.736449302697025299e+09
-1.657909486357280731e+09
-1.579369670017535210e+09
-1.500829853677790642e+09
-1.422290037338046074e+09
-1.343750220998301506e+09
-1.265210404658555984e+09
-1.186670588318811417e+09
-1.108130771979066849e+09
-1.029590955639321327e+09
-9.510511392995767593e+08
-8.725113229598321915e+08
-7.939715066200876236e+08
-7.154316902803421021e+08
-6.368918739405975342e+08
-5.583520576008529663e+08
-4.798122412611083984e+08
-4.012724249213628769e+08
-3.227326085816183090e+08
-2.441927922418737411e+08
-1.656529759021291733e+08
-8.711315956238365173e+07
-8.573343222639083862e+06
6.996647311710548401e+07
1.485062894568510056e+08
2.270461057965955734e+08
3.055859221363401413e+08
3.841257384760847092e+08
4.626655548158302307e+08
5.412053711555747986e+08
6.197451874953193665e+08
6.982850038350639343e+08
7.768248201748089790e+08
8.553646365145540237e+08
9.339044528542985916e+08
1.012444269194043636e+09
1.090984085533788204e+09
1.169523901873533249e+09
1.248063718213277817e+09
1.326603534553022861e+09
1.405143350892767906e+09
1.483683167232512474e+09
1.562222983572257519e+09
1.640762799912002087e+09
1.719302616251747131e+09
1.797842432591491699e+09
1.876382248931236744e+09
1.954922065270981312e+09
2.033461881610726357e+09
2.112001697950470924e+09
2.190541514290215969e+09
2.269081330629960537e+09
2.347621146969705582e+09
2.426160963309450150e+09
2.504700779649195194e+09
2.583240595988940239e+09
2.661780412328684807e+09
2.740320228668429852e+09
2.818860045008174419e+09
2.897399861347919464e+09
2.975939677687664032e+09
3.054479494027408600e+09
3.133019310367153645e+09
3.211559126706898689e+09
3.290098943046643257e+09
3.368638759386388302e+09
3.447178575726133347e+09
3.525718392065877914e+09
3.604258208405622482e+09
3.682798024745367527e+09
3.761337841085112572e+09
3.839877657424857140e+09
3.918417473764601707e+09
3.996957290104346752e+09
4.075497106444091797e+09
4.154036922783836365e+09
4.232576739123581409e+09
4.311116555463326454e+09
4.389656371803071022e+09
4.468196188142815590e+09
4.546736004482560158e+09
4.625275820822305679e+09
4.703815637162050247e+09
4.782355453501794815e+09
4.860895269841539383e+09
4.939435086181284904e+09
5.017974902521029472e+09
5.096514718860774040e+09
5.175054535200519562e+09
5.253594351540264130e+09
5.332134167880008698e+09
5.410673984219753265e+09
5.489213800559498787e+09
5.567753616899243355e+09
5.646293433238987923e+09
5.724833249578732491e+09
5.803373065918478012e+09
5.881912882258222580e+09
5.960452698597967148e+09
6.038992514937711716e+09
6.117532331277457237e+09
6.196072147617201805e+09
6.274611963956946373e+09
