-6.249298713972500801e+09
-6.170758897632756233e+09
-6.092219081293010712e+09
-6.013679264953266144e+09
-5.935139448613521576e+09
-5.856599632273777008e+09
-5.778059815934032440e+09
-5.699519999594286919e+09
-5.620980183254542351e+09
-5.542440366914797783e+09
-5.463900550575052261e+09
-5.385360734235307693e+09
-5.306820917895563126e+09
-5.228281101555818558e+09
-5.149741285216073036e+09
-5.071201468876328468e+09
-4.992661652536583900e+09
-4.914121836196839333e+09
-4.835582019857093811e+09
-4.757042203517349243e+09
-4.678502387177604675e+09
-4.599962570837860107e+09
-4.521422754498114586e+09
-4.442882938158370018e+09
-4.364343121818625450e+09
-4.285803305478880405e+09
-4.207263489139135361e+09
-4.128723672799390793e+09
-4.050183856459645748e+09
-3.971644040119901180e+09
-3.893104223780156136e+09
-3.814564407440411568e+09
-3.736024591100666523e+09
-3.657484774760921955e+09
-3.578944958421176910e+09
-3.500405142081432343e+09
-3.421865325741687298e+09
-3.343325509401942253e+09
-3.264785693062197685e+09
-3.186245876722453117e+09
-3.107706060382708073e+09
-3.029166244042963028e+09
-2.950626427703218460e+09
-2.872086611363473892e+09
-2.793546795023728848e+09
-2.715006978683983803e+09
-2.636467162344239235e+09
-2.557927346004494190e+09
-2.479387529664749146e+09
-2.400847713325004578e+09
-2.322307896985260010e+09
-2.243768080645514965e+09
-2.165228264305770397e+09
-2.086688447966025352e+09
-2.008148631626280785e+09
-1.929608815286535740e+09
-1.851068998946790695e+09
-1.772529182607046127e+09
-1.693989366267301083e+09
-1.615449549927556515e+09
-1.536909733587811470e+09
-1.458369917248066902e+09
-1.379830100908321857e+09
-1.301290284568577290e+09
-1.222750468228832245e+09
-1.144210651889087677e+09
-1.065670835549342632e+09
-9.871310192095980644e+08
-9.085912028698530197e+08
-8.300513865301084518e+08
-7.515115701903634071e+08
-6.729717538506183624e+08
-5.944319375108737946e+08
-5.158921211711287498e+08
-4.373523048313841820e+08
-3.588124884916391373e+08
-2.802726721518945694e+08
-2.017328558121495247e+08
-1.231930394724044800e+08
-4.465322313265991211e+07
3.388659320708465576e+07
1.124264095468292236e+08
1.909662258865747452e+08
2.695060422263193130e+08
3.480458585660638809e+08
4.265856749058084488e+08
5.051254912455539703e+08
5.836653075852985382e+08
6.622051239250431061e+08
7.407449402647886276e+08
8.192847566045331955e+08
8.978245729442777634e+08
9.763643892840223312e+08
1.054904205623767853e+09
1.133444021963512421e+09
1.211983838303256989e+09
1.290523654643001556e+09
1.369063470982747078e+09
1.447603287322491646e+09
1.526143103662236214e+09
1.604682920001980782e+09
1.683222736341726303e+09
1.761762552681470871e+09
1.840302369021215439e+09
1.918842185360960960e+09
1.997382001700705528e+09
2.075921818040450096e+09
2.154461634380194664e+09
2.233001450719940186e+09
2.311541267059684753e+09
2.390081083399429321e+09
2.468620899739173889e+09
2.547160716078919411e+09
2.625700532418663979e+09
2.704240348758408546e+09
2.782780165098153114e+09
2.861319981437898636e+09
2.939859797777643204e+09
3.018399614117387772e+09
3.096939430457133293e+09
3.175479246796877861e+09
3.254019063136622429e+09
3.332558879476366997e+09
3.411098695816112518e+09
3.489638512155857086e+09
3.568178328495601654e+09
3.646718144835346222e+09
3.725257961175091743e+09
3.803797777514836311e+09
3.882337593854580879e+09
3.960877410194325447e+09
4.039417226534070969e+09
4.117957042873815536e+09
4.196496859213561058e+09
4.275036675553305626e+09
4.353576491893050194e+09
4.432116308232794762e+09
4.510656124572539330e+09
4.589195940912283897e+09
4.667735757252028465e+09
4.746275573591774940e+09
4.824815389931519508e+09
4.903355206271264076e+09
4.981895022611008644e+09
5.060434838950753212e+09
5.138974655290497780e+09
5.217514471630242348e+09
5.296054287969986916e+09
5.374594104309733391e+09
5.453133920649477959e+09
5.531673736989222527e+09
5.610213553328967094e+09
5.688753369668711662e+09
5.767293186008456230e+09
5.845833002348200798e+09
5.924372818687947273e+09
6.002912635027691841e+09
6.081452451367436409e+09
6.159992267707180977e+09
6.238532084046925545e+09
