-6.235762378201762199e+09
-6.157222561862016678e+09
-6.078682745522272110e+09
-6.000142929182527542e+09
-5.921603112842782974e+09
-5.843063296503037453e+09
-5.764523480163292885e+09
-5.685983663823548317e+09
-5.607443847483803749e+09
-5.528904031144058228e+09
-5.450364214804313660e+09
-5.371824398464569092e+09
-5.293284582124824524e+09
-5.214744765785079002e+09
-5.136204949445334435e+09
-5.057665133105589867e+09
-4.979125316765844345e+09
-4.900585500426099777e+09
-4.822045684086355209e+09
-4.743505867746610641e+09
-4.664966051406865120e+09
-4.586426235067120552e+09
-4.507886418727375984e+09
-4.429346602387631416e+09
-4.350806786047886848e+09
-4.272266969708141804e+09
-4.193727153368397236e+09
-4.115187337028652191e+09
-4.036647520688907623e+09
-3.958107704349162579e+09
-3.879567888009418011e+09
-3.801028071669672966e+09
-3.722488255329927921e+09
-3.643948438990183353e+09
-3.565408622650438309e+09
-3.486868806310693741e+09
-3.408328989970948696e+09
-3.329789173631204128e+09
-3.251249357291459084e+09
-3.172709540951714516e+09
-3.094169724611969471e+09
-3.015629908272224903e+09
-2.937090091932479858e+09
-2.858550275592735291e+09
-2.780010459252990246e+09
-2.701470642913245678e+09
-2.622930826573500633e+09
-2.544391010233755589e+09
-2.465851193894011021e+09
-2.387311377554265976e+09
-2.308771561214521408e+09
-2.230231744874776363e+09
-2.151691928535031796e+09
-2.073152112195286989e+09
-1.994612295855542183e+09
-1.916072479515797138e+09
-1.837532663176052332e+09
-1.758992846836307526e+09
-1.680453030496562719e+09
-1.601913214156817913e+09
-1.523373397817073107e+09
-1.444833581477328300e+09
-1.366293765137583494e+09
-1.287753948797838688e+09
-1.209214132458093882e+09
-1.130674316118349075e+09
-1.052134499778604269e+09
-9.735946834388592243e+08
-8.950548670991144180e+08
-8.165150507593696117e+08
-7.379752344196248055e+08
-6.594354180798799992e+08
-5.808956017401351929e+08
-5.023557854003903866e+08
-4.238159690606455803e+08
-3.452761527209007740e+08
-2.667363363811559379e+08
-1.881965200414111018e+08
-1.096567037016662955e+08
-3.111688736192147434e+07
4.742292897782334685e+07
1.259627453175681829e+08
2.045025616573129892e+08
2.830423779970577955e+08
3.615821943368026614e+08
4.401220106765474677e+08
5.186618270162922740e+08
5.972016433560371399e+08
6.757414596957819462e+08
7.542812760355267525e+08
8.328210923752715588e+08
9.113609087150163651e+08
9.899007250547611713e+08
1.068440541394505978e+09
1.146980357734250784e+09
1.225520174073995590e+09
1.304059990413740396e+09
1.382599806753485203e+09
1.461139623093230009e+09
1.539679439432974815e+09
1.618219255772719622e+09
1.696759072112464428e+09
1.775298888452209473e+09
1.853838704791954279e+09
1.932378521131699085e+09
2.010918337471443892e+09
2.089458153811188698e+09
2.167997970150933266e+09
2.246537786490678310e+09
2.325077602830422878e+09
2.403617419170167923e+09
2.482157235509912968e+09
2.560697051849657536e+09
2.639236868189402580e+09
2.717776684529147148e+09
2.796316500868892193e+09
2.874856317208636761e+09
2.953396133548381805e+09
3.031935949888126373e+09
3.110475766227871418e+09
3.189015582567615986e+09
3.267555398907361031e+09
3.346095215247105598e+09
3.424635031586850643e+09
3.503174847926595211e+09
3.581714664266340256e+09
3.660254480606085300e+09
3.738794296945829868e+09
3.817334113285574913e+09
3.895873929625319481e+09
3.974413745965064526e+09
4.052953562304809093e+09
4.131493378644554138e+09
4.210033194984299183e+09
4.288573011324043751e+09
4.367112827663788795e+09
4.445652644003533363e+09
4.524192460343278885e+09
4.602732276683023453e+09
4.681272093022768021e+09
4.759811909362512589e+09
4.838351725702258110e+09
4.916891542042002678e+09
4.995431358381747246e+09
5.073971174721492767e+09
5.152510991061237335e+09
5.231050807400981903e+09
5.309590623740726471e+09
5.388130440080471992e+09
5.466670256420216560e+09
5.545210072759961128e+09
5.623749889099705696e+09
5.702289705439451218e+09
5.780829521779195786e+09
5.859369338118940353e+09
5.937909154458684921e+09
6.016448970798430443e+09
6.094988787138175011e+09
6.173528603477919579e+09
6.252068419817665100e+09
