-7.559001620455448627e+08
-1.242870796211063147e+09
-1.582950906271823883e+09
-1.858602249476174593e+09
-2.095407852029680252e+09
-2.305369559406047821e+09
-2.495272838593618870e+09
-2.669402042988039017e+09
-2.830669706923259735e+09
-2.981163817500802994e+09
-3.122442540441302299e+09
-3.255705779771530628e+09
-3.381901214556184769e+09
-3.501793043584114552e+09
-3.616008325442604065e+09
-3.725069246838908195e+09
-3.829416218213738441e+09
-3.929424798286697388e+09
-4.025418352539413929e+09
-4.117677691980086327e+09
-4.206448529531583309e+09
-4.291947329903410435e+09
-4.374365957282295227e+09
-4.453875410055171013e+09
-4.530628852913978577e+09
-4.604764101657954216e+09
-4.676405676957204819e+09
-4.745666515204793930e+09
-4.812649404028208733e+09
-4.877448194819580078e+09
-4.940148833254228592e+09
-5.000830240145740509e+09
-5.059565068393500328e+09
-5.116420356690602303e+09
-5.171458096698346138e+09
-5.224735727283669472e+09
-5.276306566955770493e+09
-5.326220193678195953e+09
-5.374522779660428047e+09
-5.421257387463810921e+09
-5.466464232725909233e+09
-5.510180917965492249e+09
-5.552442641238991737e+09
-5.593282382848703384e+09
-5.632731072829676628e+09
-5.670817741547939301e+09
-5.707569655412663460e+09
-5.743012439427467346e+09
-5.777170188072051048e+09
-5.810065565807061195e+09
-5.841719898326522827e+09
-5.872153255538362503e+09
-5.901384527130406380e+09
-5.929431491473461151e+09
-5.956310878521945000e+09
-5.982038427293756485e+09
-6.006628938442769051e+09
-6.030096322377917290e+09
-6.052453643331099510e+09
-6.073713159730771065e+09
-6.093886361198430061e+09
-6.112984002450224876e+09
-6.131016134355148315e+09
-6.147992132373995781e+09
-6.163920722579143524e+09
-6.178810005433673859e+09
-6.192667477489212036e+09
-6.205500051144675255e+09
-6.217314072592695236e+09
-6.228115338066596985e+09
-6.237909108488218307e+09
-6.246700122605437279e+09
-6.254492608697842598e+09
-6.261290294919388771e+09
-6.267096418338093758e+09
-6.271913732724584579e+09
-6.275744515133716583e+09
-6.278590571316246986e+09
-6.280453239990746498e+09
-6.281333395999442101e+09
-6.281231452365383148e+09
-6.280147361262236595e+09
-6.278080613902036667e+09
-6.275030239340265274e+09
-6.270994802191719055e+09
-6.265972399244590759e+09
-6.259960654954078674e+09
-6.252956715790524483e+09
-6.244957243410493851e+09
-6.235958406612346649e+09
-6.225955872030562401e+09
-6.214944793515315056e+09
-6.202919800135499954e+09
-6.189874982734432220e+09
-6.175803878957684517e+09
-6.160699456661931992e+09
-6.144554095601982117e+09
-6.127359567280364037e+09
-6.109107012829612732e+09
-6.089786918781668663e+09
-6.069389090561203957e+09
-6.047902623520076752e+09
-6.025315871308103561e+09
-6.001616411350550652e+09
-5.976791007174823761e+09
-5.950825567297202110e+09
-5.923705100344624519e+09
-5.895413666045701027e+09
-5.865934321678563118e+09
-5.835249063509912491e+09
-5.803338762698479652e+09
-5.770183095065768242e+09
-5.735760464055786133e+09
-5.700047916111474991e+09
-5.663021047586414337e+09
-5.624653902183256149e+09
-5.584918857761728287e+09
-5.543786501184767723e+09
-5.501225489666185379e+09
-5.457202396840904236e+09
-5.411681541491323471e+09
-5.364624796521033287e+09
-5.315991375357695580e+09
-5.265737592475066185e+09
-5.213816594130584717e+09
-5.160178054695054054e+09
-5.104767833073317528e+09
-5.047527582639080048e+09
-4.988394306780811310e+09
-4.927299850510698318e+09
-4.864170316535074234e+09
-4.798925391603596687e+09
-4.731477565686345100e+09
-4.661731222357984543e+09
-4.589581573402961731e+09
-4.514913403691300392e+09
-4.437599583247836113e+09
-4.357499291353930473e+09
-4.274455881344114304e+09
-4.188294292843234539e+09
-4.098817888107224464e+09
-4.005804547250272274e+09
-3.909001797923965454e+09
-3.808120669841393948e+09
-3.702827839702025414e+09
-3.592735445224171162e+09
-3.477387660696821690e+09
-3.356242676068215847e+09
-3.228647991505918026e+09
-3.093805714641354561e+09
-2.950722410078325748e+09
-2.798134142107562542e+09
-2.634389797963891506e+09
-2.457260167850179672e+09
-2.263605189048785210e+09
-2.048744094749933004e+09
-1.805120293541536570e+09
-1.518956608016469479e+09
-1.159164386278731108e+09
-6.064305123389006853e+08
