-6.239213314060539246e+09
-6.160673497720794678e+09
-6.082133681381050110e+09
-6.003593865041303635e+09
-5.925054048701559067e+09
-5.846514232361814499e+09
-5.767974416022069931e+09
-5.689434599682325363e+09
-5.610894783342580795e+09
-5.532354967002836227e+09
-5.453815150663089752e+09
-5.375275334323345184e+09
-5.296735517983600616e+09
-5.218195701643856049e+09
-5.139655885304111481e+09
-5.061116068964366913e+09
-4.982576252624622345e+09
-4.904036436284877777e+09
-4.825496619945131302e+09
-4.746956803605386734e+09
-4.668416987265642166e+09
-4.589877170925897598e+09
-4.511337354586153030e+09
-4.432797538246408463e+09
-4.354257721906663895e+09
-4.275717905566917896e+09
-4.197178089227173328e+09
-4.118638272887427807e+09
-4.040098456547683239e+09
-3.961558640207938671e+09
-3.883018823868194103e+09
-3.804479007528448582e+09
-3.725939191188704014e+09
-3.647399374848959446e+09
-3.568859558509214878e+09
-3.490319742169469357e+09
-3.411779925829724789e+09
-3.333240109489980221e+09
-3.254700293150235653e+09
-3.176160476810490131e+09
-3.097620660470745564e+09
-3.019080844131000996e+09
-2.940541027791255474e+09
-2.862001211451510906e+09
-2.783461395111766338e+09
-2.704921578772021770e+09
-2.626381762432276249e+09
-2.547841946092531681e+09
-2.469302129752787113e+09
-2.390762313413042545e+09
-2.312222497073297024e+09
-2.233682680733552456e+09
-2.155142864393807888e+09
-2.076603048054063320e+09
-1.998063231714317799e+09
-1.919523415374573231e+09
-1.840983599034828663e+09
-1.762443782695083141e+09
-1.683903966355338573e+09
-1.605364150015594006e+09
-1.526824333675849438e+09
-1.448284517336103916e+09
-1.369744700996359348e+09
-1.291204884656614780e+09
-1.212665068316870213e+09
-1.134125251977124691e+09
-1.055585435637380123e+09
-9.770456192976355553e+08
-8.985058029578909874e+08
-8.199659866181454659e+08
-7.414261702784008980e+08
-6.628863539386563301e+08
-5.843465375989108086e+08
-5.058067212591662407e+08
-4.272669049194216728e+08
-3.487270885796771049e+08
-2.701872722399315834e+08
-1.916474559001870155e+08
-1.131076395604424477e+08
-3.456782322069787979e+07
4.397199311904716492e+07
1.225118094587922096e+08
2.010516257985367775e+08
2.795914421382818222e+08
3.581312584780263901e+08
4.366710748177714348e+08
5.152108911575160027e+08
5.937507074972610474e+08
6.722905238370060921e+08
7.508303401767506599e+08
8.293701565164957047e+08
9.079099728562402725e+08
9.864497891959853172e+08
1.064989605535729885e+09
1.143529421875474930e+09
1.222069238215219498e+09
1.300609054554964542e+09
1.379148870894709110e+09
1.457688687234454155e+09
1.536228503574198723e+09
1.614768319913943768e+09
1.693308136253688335e+09
1.771847952593433380e+09
1.850387768933178425e+09
1.928927585272922993e+09
2.007467401612668037e+09
2.086007217952412605e+09
2.164547034292157173e+09
2.243086850631902218e+09
2.321626666971647263e+09
2.400166483311391830e+09
2.478706299651136875e+09
2.557246115990881920e+09
2.635785932330626488e+09
2.714325748670371056e+09
2.792865565010116100e+09
2.871405381349861145e+09
2.949945197689605713e+09
3.028485014029350281e+09
3.107024830369095325e+09
3.185564646708840370e+09
3.264104463048584938e+09
3.342644279388329506e+09
3.421184095728074551e+09
3.499723912067819595e+09
3.578263728407564163e+09
3.656803544747309208e+09
3.735343361087053776e+09
3.813883177426798820e+09
3.892422993766543388e+09
3.970962810106288433e+09
4.049502626446033001e+09
4.128042442785778046e+09
4.206582259125522614e+09
4.285122075465267658e+09
4.363661891805012703e+09
4.442201708144757271e+09
4.520741524484501839e+09
4.599281340824247360e+09
4.677821157163991928e+09
4.756360973503736496e+09
4.834900789843481064e+09
4.913440606183226585e+09
4.991980422522971153e+09
5.070520238862715721e+09
5.149060055202460289e+09
5.227599871542205811e+09
5.306139687881950378e+09
5.384679504221694946e+09
5.463219320561439514e+09
5.541759136901185036e+09
5.620298953240929604e+09
5.698838769580674171e+09
5.777378585920419693e+09
5.855918402260164261e+09
5.934458218599908829e+09
6.012998034939653397e+09
6.091537851279397964e+09
6.170077667619143486e+09
6.248617483958888054e+09
