-6.224315986358442307e+09
-6.145776170018696785e+09
-6.067236353678952217e+09
-5.988696537339207649e+09
-5.910156720999463081e+09
-5.831616904659717560e+09
-5.753077088319972992e+09
-5.674537271980228424e+09
-5.595997455640483856e+09
-5.517457639300738335e+09
-5.438917822960993767e+09
-5.360378006621249199e+09
-5.281838190281503677e+09
-5.203298373941759109e+09
-5.124758557602014542e+09
-5.046218741262269974e+09
-4.967678924922524452e+09
-4.889139108582779884e+09
-4.810599292243035316e+09
-4.732059475903290749e+09
-4.653519659563545227e+09
-4.574979843223800659e+09
-4.496440026884056091e+09
-4.417900210544311523e+09
-4.339360394204566002e+09
-4.260820577864821911e+09
-4.182280761525077343e+09
-4.103740945185331821e+09
-4.025201128845587254e+09
-3.946661312505842686e+09
-3.868121496166098118e+09
-3.789581679826352596e+09
-3.711041863486608028e+09
-3.632502047146863461e+09
-3.553962230807118893e+09
-3.475422414467373848e+09
-3.396882598127628803e+09
-3.318342781787884235e+09
-3.239802965448139191e+09
-3.161263149108394623e+09
-3.082723332768649578e+09
-3.004183516428905010e+09
-2.925643700089159966e+09
-2.847103883749414921e+09
-2.768564067409670353e+09
-2.690024251069925308e+09
-2.611484434730180740e+09
-2.532944618390435696e+09
-2.454404802050691128e+09
-2.375864985710946083e+09
-2.297325169371201515e+09
-2.218785353031456470e+09
-2.140245536691711903e+09
-2.061705720351966858e+09
-1.983165904012222290e+09
-1.904626087672477245e+09
-1.826086271332732677e+09
-1.747546454992987633e+09
-1.669006638653242588e+09
-1.590466822313498020e+09
-1.511927005973752975e+09
-1.433387189634008408e+09
-1.354847373294263363e+09
-1.276307556954518795e+09
-1.197767740614773750e+09
-1.119227924275029182e+09
-1.040688107935284019e+09
-9.621482915955392122e+08
-8.836084752557944059e+08
-8.050686589160495996e+08
-7.265288425763047934e+08
-6.479890262365599871e+08
-5.694492098968151808e+08
-4.909093935570703745e+08
-4.123695772173255682e+08
-3.338297608775807619e+08
-2.552899445378359556e+08
-1.767501281980911493e+08
-9.821031185834622383e+07
-1.967049551860141754e+07
5.886932082114338875e+07
1.374091371608881950e+08
2.159489535006330013e+08
2.944887698403778076e+08
3.730285861801226735e+08
4.515684025198674798e+08
5.301082188596122861e+08
6.086480351993571520e+08
6.871878515391019583e+08
7.657276678788467646e+08
8.442674842185915709e+08
9.228073005583363771e+08
1.001347116898081303e+09
1.079886933237826109e+09
1.158426749577570915e+09
1.236966565917315722e+09
1.315506382257060528e+09
1.394046198596805334e+09
1.472586014936550140e+09
1.551125831276294947e+09
1.629665647616039753e+09
1.708205463955784798e+09
1.786745280295529366e+09
1.865285096635274410e+09
1.943824912975018978e+09
2.022364729314764023e+09
2.100904545654508591e+09
2.179444361994253635e+09
2.257984178333998203e+09
2.336523994673743248e+09
2.415063811013487816e+09
2.493603627353232861e+09
2.572143443692977428e+09
2.650683260032722473e+09
2.729223076372467518e+09
2.807762892712212086e+09
2.886302709051957130e+09
2.964842525391701698e+09
3.043382341731446266e+09
3.121922158071191311e+09
3.200461974410935879e+09
3.279001790750680923e+09
3.357541607090425968e+09
3.436081423430170536e+09
3.514621239769915581e+09
3.593161056109660149e+09
3.671700872449405193e+09
3.750240688789149761e+09
3.828780505128894806e+09
3.907320321468639374e+09
3.985860137808384418e+09
4.064399954148128986e+09
4.142939770487874031e+09
4.221479586827618599e+09
4.300019403167364120e+09
4.378559219507108688e+09
4.457099035846853256e+09
4.535638852186598778e+09
4.614178668526343346e+09
4.692718484866087914e+09
4.771258301205832481e+09
4.849798117545578003e+09
4.928337933885322571e+09
5.006877750225067139e+09
5.085417566564812660e+09
5.163957382904557228e+09
5.242497199244301796e+09
5.321037015584046364e+09
5.399576831923791885e+09
5.478116648263536453e+09
5.556656464603281021e+09
5.635196280943025589e+09
5.713736097282771111e+09
5.792275913622515678e+09
5.870815729962260246e+09
5.949355546302005768e+09
6.027895362641750336e+09
6.106435178981494904e+09
6.184974995321239471e+09
6.263514811660984993e+09
