-6.262394276048152924e+09
-6.183854459708408356e+09
-6.105314643368663788e+09
-6.026774827028918266e+09
-5.948235010689173698e+09
-5.869695194349429131e+09
-5.791155378009684563e+09
-5.712615561669939041e+09
-5.634075745330194473e+09
-5.555535928990449905e+09
-5.476996112650705338e+09
-5.398456296310959816e+09
-5.319916479971215248e+09
-5.241376663631470680e+09
-5.162836847291726112e+09
-5.084297030951980591e+09
-5.005757214612236023e+09
-4.927217398272491455e+09
-4.848677581932745934e+09
-4.770137765593001366e+09
-4.691597949253256798e+09
-4.613058132913512230e+09
-4.534518316573766708e+09
-4.455978500234022141e+09
-4.377438683894277573e+09
-4.298898867554533005e+09
-4.220359051214787483e+09
-4.141819234875042915e+09
-4.063279418535298347e+09
-3.984739602195553780e+09
-3.906199785855808258e+09
-3.827659969516063690e+09
-3.749120153176319122e+09
-3.670580336836573601e+09
-3.592040520496829033e+09
-3.513500704157084465e+09
-3.434960887817339897e+09
-3.356421071477594376e+09
-3.277881255137849808e+09
-3.199341438798105240e+09
-3.120801622458360672e+09
-3.042261806118615150e+09
-2.963721989778870583e+09
-2.885182173439126015e+09
-2.806642357099380493e+09
-2.728102540759635925e+09
-2.649562724419891357e+09
-2.571022908080146790e+09
-2.492483091740401268e+09
-2.413943275400656700e+09
-2.335403459060912132e+09
-2.256863642721166611e+09
-2.178323826381422043e+09
-2.099784010041677237e+09
-2.021244193701932669e+09
-1.942704377362187624e+09
-1.864164561022443056e+09
-1.785624744682698011e+09
-1.707084928342953444e+09
-1.628545112003208399e+09
-1.550005295663463831e+09
-1.471465479323718786e+09
-1.392925662983974218e+09
-1.314385846644229174e+09
-1.235846030304484129e+09
-1.157306213964739561e+09
-1.078766397624994516e+09
-1.000226581285249949e+09
-9.216867649455051422e+08
-8.431469486057603359e+08
-7.646071322660155296e+08
-6.860673159262707233e+08
-6.075274995865256786e+08
-5.289876832467808723e+08
-4.504478669070360661e+08
-3.719080505672912598e+08
-2.933682342275464535e+08
-2.148284178878016472e+08
-1.362886015480568409e+08
-5.774878520831203461e+07
2.079103113143277168e+07
9.933084747117757797e+07
1.778706638109223843e+08
2.564104801506671906e+08
3.349502964904121161e+08
4.134901128301569223e+08
4.920299291699017286e+08
5.705697455096465349e+08
6.491095618493913412e+08
7.276493781891361475e+08
8.061891945288810730e+08
8.847290108686258793e+08
9.632688272083706856e+08
1.041808643548115492e+09
1.120348459887860298e+09
1.198888276227605104e+09
1.277428092567349911e+09
1.355967908907094717e+09
1.434507725246839523e+09
1.513047541586584330e+09
1.591587357926329136e+09
1.670127174266074181e+09
1.748666990605818748e+09
1.827206806945563793e+09
1.905746623285308361e+09
1.984286439625053406e+09
2.062826255964797974e+09
2.141366072304543018e+09
2.219905888644288063e+09
2.298445704984032631e+09
2.376985521323777199e+09
2.455525337663522243e+09
2.534065154003267288e+09
2.612604970343011856e+09
2.691144786682756424e+09
2.769684603022501469e+09
2.848224419362246513e+09
2.926764235701991081e+09
3.005304052041735649e+09
3.083843868381481171e+09
3.162383684721225739e+09
3.240923501060970306e+09
3.319463317400715351e+09
3.398003133740460396e+09
3.476542950080204964e+09
3.555082766419949532e+09
3.633622582759694099e+09
3.712162399099439621e+09
3.790702215439184189e+09
3.869242031778928757e+09
3.947781848118674278e+09
4.026321664458418846e+09
4.104861480798163414e+09
4.183401297137907982e+09
4.261941113477653503e+09
4.340480929817398071e+09
4.419020746157142639e+09
4.497560562496887207e+09
4.576100378836632729e+09
4.654640195176377296e+09
4.733180011516121864e+09
4.811719827855866432e+09
4.890259644195611954e+09
4.968799460535356522e+09
5.047339276875101089e+09
5.125879093214846611e+09
5.204418909554591179e+09
5.282958725894335747e+09
5.361498542234080315e+09
5.440038358573825836e+09
5.518578174913570404e+09
5.597117991253314972e+09
5.675657807593059540e+09
5.754197623932804108e+09
5.832737440272549629e+09
5.911277256612294197e+09
5.989817072952038765e+09
6.068356889291783333e+09
6.146896705631528854e+09
6.225436521971273422e+09
