-7.775593407589533329e+08
-1.255994774813197613e+09
-1.593144756390094519e+09
-1.867179838624838591e+09
-2.102920321652616501e+09
-2.312109470412386894e+09
-2.501417502461434841e+09
-2.675068566330362797e+09
-2.835940257130921841e+09
-2.986098699634937763e+09
-3.127087581185688972e+09
-3.260096782512552738e+09
-3.386066791542994499e+09
-3.505756494214977741e+09
-3.619788926328348637e+09
-3.728683164349959373e+09
-3.832877170422103405e+09
-3.932744545667531013e+09
-4.028607068691501141e+09
-4.120744248414740562e+09
-4.209400717711946011e+09
-4.294792036665240288e+09
-4.377109305081508636e+09
-4.456522870305696487e+09
-4.533185338477013588e+09
-4.607234042992262840e+09
-4.678793085329734802e+09
-4.747975035554682732e+09
-4.814882359484006882e+09
-4.879608624427650452e+09
-4.942239524143459320e+09
-5.002853755100329399e+09
-5.061523769610867500e+09
-5.118316426350444794e+09
-5.173293554850759506e+09
-5.226512447471130371e+09
-5.278026289909852028e+09
-5.327884539372741699e+09
-5.376133257955317497e+09
-5.422815407534914970e+09
-5.467971111445406914e+09
-5.511637887371012688e+09
-5.553850855208872795e+09
-5.594642923083088875e+09
-5.634044954222648621e+09
-5.672085917023676872e+09
-5.708793020288404465e+09
-5.744191835357479095e+09
-5.778306406619509697e+09
-5.811159351684590340e+09
-5.842771952340866089e+09
-5.873164237270193100e+09
-5.902355057376392365e+09
-5.930362154474414825e+09
-5.957202223998006821e+09
-5.982890972305096626e+09
-6.007443169092112541e+09
-6.030872695369367599e+09
-6.053192587398052216e+09
-6.074415076944306374e+09
-6.094551628166300774e+09
-6.113612971415459633e+09
-6.131609134202281952e+09
-6.148549469550113678e+09
-6.164442681936117172e+09
-6.179296850997300148e+09
-6.193119453160353661e+09
-6.205917381336935043e+09
-6.217696962810683250e+09
-6.228463975428384781e+09
-6.238223662195173264e+09
-6.246980744362270355e+09
-6.254739433085351944e+09
-6.261503439722074509e+09
-6.267275984828537941e+09
-6.272059805906215668e+09
-6.275857163943323135e+09
-6.278669848787384987e+09
-6.280499183378937721e+09
-6.281346026869865417e+09
-6.281210776643530846e+09
-6.280093369247820854e+09
-6.277993280246220589e+09
-6.274909522986096382e+09
-6.270840646277429581e+09
-6.265784730969242096e+09
-6.259739385404803276e+09
-6.252701739730399132e+09
-6.244668439025857925e+09
-6.235635635218142509e+09
-6.225598977732000351e+09
-6.214553602823917389e+09
-6.202494121537267685e+09
-6.189414606207573891e+09
-6.175308575436985016e+09
-6.160168977446488380e+09
-6.143988171702588081e+09
-6.126757908702378273e+09
-6.108469307786658287e+09
-6.089112832834904671e+09
-6.068678265678323746e+09
-6.047154677047450066e+09
-6.024530394848703384e+09
-6.000792969539403915e+09
-5.975929136342719078e+09
-5.949924774012253761e+09
-5.922764859819976807e+09
-5.894433420400179863e+09
-5.864913478035409927e+09
-5.834186991916774750e+09
-5.802234793849610329e+09
-5.769036517804840088e+09
-5.734570522634734154e+09
-5.698813807177353859e+09
-5.661741916864273071e+09
-5.623328840818331718e+09
-5.583546898278835297e+09
-5.542366613016303062e+09
-5.499756574192628860e+09
-5.455683281878715515e+09
-5.410110975152489662e+09
-5.363001440355817795e+09
-5.314313796676892281e+09
-5.264004255729737282e+09
-5.212025851205062866e+09
-5.158328133942000389e+09
-5.102856826886670113e+09
-5.045553433320162773e+09
-4.986354790402754784e+09
-4.925192558423960686e+09
-4.861992634078711510e+09
-4.796674473488396645e+09
-4.729150307390679359e+09
-4.659324226716806412e+09
-4.587091111363018036e+09
-4.512335367935288429e+09
-4.434929433034129143e+09
-4.354731986444605827e+09
-4.271585802255853176e+09
-4.185315143785760880e+09
-4.095722577771803379e+09
-4.002585040924879074e+09
-3.905648932008632183e+09
-3.804623916350125790e+09
-3.699175003176410675e+09
-3.588912266674355984e+09
-3.473377291073454857e+09
-3.352024962452177048e+09
-3.224198487401001930e+09
-3.089094271451410770e+09
-2.945711110100172043e+09
-2.792774152150489807e+09
-2.628616362303715229e+09
-2.450984188019253254e+09
-2.256698029016867638e+09
-2.041007470078311682e+09
-1.796218245693142653e+09
-1.508227925051476479e+09
-1.144886874825567722e+09
-5.783108445198500156e+08
