-6.207117337308727264e+09
-6.128577520968982697e+09
-6.050037704629238129e+09
-5.971497888289493561e+09
-5.892958071949748993e+09
-5.814418255610004425e+09
-5.735878439270257950e+09
-5.657338622930513382e+09
-5.578798806590768814e+09
-5.500258990251024246e+09
-5.421719173911279678e+09
-5.343179357571535110e+09
-5.264639541231790543e+09
-5.186099724892045975e+09
-5.107559908552299500e+09
-5.029020092212554932e+09
-4.950480275872810364e+09
-4.871940459533065796e+09
-4.793400643193321228e+09
-4.714860826853576660e+09
-4.636321010513832092e+09
-4.557781194174085617e+09
-4.479241377834341049e+09
-4.400701561494596481e+09
-4.322161745154851913e+09
-4.243621928815106869e+09
-4.165082112475362301e+09
-4.086542296135617733e+09
-4.008002479795873165e+09
-3.929462663456127644e+09
-3.850922847116383076e+09
-3.772383030776638508e+09
-3.693843214436892986e+09
-3.615303398097148418e+09
-3.536763581757403851e+09
-3.458223765417659283e+09
-3.379683949077913761e+09
-3.301144132738169193e+09
-3.222604316398424625e+09
-3.144064500058680058e+09
-3.065524683718934536e+09
-2.986984867379189968e+09
-2.908445051039445400e+09
-2.829905234699700832e+09
-2.751365418359955311e+09
-2.672825602020210743e+09
-2.594285785680466175e+09
-2.515745969340720654e+09
-2.437206153000976086e+09
-2.358666336661231518e+09
-2.280126520321486950e+09
-2.201586703981741428e+09
-2.123046887641996861e+09
-2.044507071302252293e+09
-1.965967254962507725e+09
-1.887427438622762680e+09
-1.808887622283017635e+09
-1.730347805943273067e+09
-1.651807989603528023e+09
-1.573268173263783455e+09
-1.494728356924038410e+09
-1.416188540584293842e+09
-1.337648724244548798e+09
-1.259108907904803753e+09
-1.180569091565059185e+09
-1.102029275225314140e+09
-1.023489458885569572e+09
-9.449496425458245277e+08
-8.664098262060799599e+08
-7.878700098663349152e+08
-7.093301935265903473e+08
-6.307903771868453026e+08
-5.522505608471007347e+08
-4.737107445073556900e+08
-3.951709281676111221e+08
-3.166311118278660774e+08
-2.380912954881215096e+08
-1.595514791483764648e+08
-8.101166280863142014e+07
-2.471846468886852264e+06
7.606796987085819244e+07
1.546077862106027603e+08
2.331476025503475666e+08
3.116874188900923729e+08
3.902272352298371792e+08
4.687670515695819855e+08
5.473068679093270302e+08
6.258466842490718365e+08
7.043865005888166428e+08
7.829263169285614491e+08
8.614661332683062553e+08
9.400059496080510616e+08
1.018545765947795868e+09
1.097085582287540674e+09
1.175625398627285480e+09
1.254165214967030287e+09
1.332705031306775093e+09
1.411244847646519899e+09
1.489784663986264706e+09
1.568324480326009750e+09
1.646864296665754318e+09
1.725404113005499363e+09
1.803943929345243931e+09
1.882483745684988976e+09
1.961023562024733782e+09
2.039563378364478588e+09
2.118103194704223394e+09
2.196643011043968201e+09
2.275182827383712769e+09
2.353722643723457813e+09
2.432262460063202858e+09
2.510802276402947426e+09
2.589342092742692471e+09
2.667881909082437038e+09
2.746421725422182083e+09
2.824961541761926651e+09
2.903501358101671696e+09
2.982041174441416264e+09
3.060580990781161308e+09
3.139120807120905876e+09
3.217660623460650921e+09
3.296200439800395966e+09
3.374740256140140533e+09
3.453280072479885101e+09
3.531819888819630146e+09
3.610359705159375191e+09
3.688899521499119759e+09
3.767439337838864326e+09
3.845979154178609371e+09
3.924518970518354416e+09
4.003058786858098984e+09
4.081598603197843552e+09
4.160138419537588596e+09
4.238678235877333641e+09
4.317218052217078209e+09
4.395757868556823730e+09
4.474297684896568298e+09
4.552837501236312866e+09
4.631377317576057434e+09
4.709917133915802002e+09
4.788456950255546570e+09
4.866996766595292091e+09
4.945536582935037613e+09
5.024076399274782181e+09
5.102616215614526749e+09
5.181156031954271317e+09
5.259695848294015884e+09
5.338235664633760452e+09
5.416775480973505974e+09
5.495315297313250542e+09
5.573855113652996063e+09
5.652394929992740631e+09
5.730934746332485199e+09
5.809474562672229767e+09
5.888014379011974335e+09
5.966554195351718903e+09
6.045094011691464424e+09
6.123633828031209946e+09
6.202173644370954514e+09
6.280713460710699081e+09
