-3.476755927984946966e+08
-1.048751114009937763e+09
-1.437547381808690071e+09
-1.738064741386694193e+09
-1.990692997440044880e+09
-2.211902160892448425e+09
-2.410358214698216438e+09
-2.591294130635173798e+09
-2.758160041452284336e+09
-2.913374564240319252e+09
-3.058711964758942604e+09
-3.195520209551990032e+09
-3.324852317088614941e+09
-3.447549774222627640e+09
-3.564297820824472904e+09
-3.675663404043455124e+09
-3.782122017943523884e+09
-3.884077168633586884e+09
-3.981874802111042500e+09
-4.075814203563704967e+09
-4.166156369935611248e+09
-4.253130537620159626e+09
-4.336939339651622772e+09
-4.417762928915176392e+09
-4.495762310317925453e+09
-4.571082060098219872e+09
-4.643852564835262299e+09
-4.714191880078805923e+09
-4.782207284818745613e+09
-4.847996590576839447e+09
-4.911649250915059090e+09
-4.973247307372006416e+09
-5.032866200392177582e+09
-5.090575468089608192e+09
-5.146439351248598099e+09
-5.200517319492657661e+09
-5.252864530815995216e+09
-5.303532234498535156e+09
-5.352568125687326431e+09
-5.400016658528146744e+09
-5.445919323597962379e+09
-5.490314894465755463e+09
-5.533239647453017235e+09
-5.574727558042464256e+09
-5.614810476868195534e+09
-5.653518287791968346e+09
-5.690879050212388992e+09
-5.726919127453514099e+09
-5.761663302826557159e+09
-5.795134884744458199e+09
-5.827355802087662697e+09
-5.858346690864748955e+09
-5.888126973079453468e+09
-5.916714928602213860e+09
-5.944127760746855736e+09
-5.970381656168825150e+09
-5.995491839628473282e+09
-6.019472624099611282e+09
-6.042337456648406982e+09
-6.064098960459555626e+09
-6.084768973344478607e+09
-6.104358583029278755e+09
-6.122878159487534523e+09
-6.140337384554234505e+09
-6.156745279031596184e+09
-6.172110227474878311e+09
-6.186440000826064110e+09
-6.199741777045252800e+09
-6.212022159873408318e+09
-6.223287195845536232e+09
-6.233542389660179138e+09
-6.242792717999238968e+09
-6.251042641881187439e+09
-6.258296117620849609e+09
-6.264556606459717751e+09
-6.269827082922353745e+09
-6.274110041946491241e+09
-6.277407504827101707e+09
-6.279721024007679939e+09
-6.281051686745393753e+09
-6.281400117670333862e+09
-6.280766480252966881e+09
-6.279150477187837601e+09
-6.276551349695618629e+09
-6.272967875739694595e+09
-6.268398367147471428e+09
-6.262840665620565414e+09
-6.256292137611768723e+09
-6.248749668040293694e+09
-6.240209652810003281e+09
-6.230667990088322639e+09
-6.220120070295910835e+09
-6.208560764749217987e+09
-6.195984412889320374e+09
-6.182384808021098137e+09
-6.167755181476594925e+09
-6.152088185105226517e+09
-6.135375871981266975e+09
-6.117609675205431938e+09
-6.098780384662408829e+09
-6.078878121579463005e+09
-6.057892310712578773e+09
-6.035811649965757370e+09
-6.012624077225581169e+09
-5.988316734166773796e+09
-5.962875926754597664e+09
-5.936287082136090279e+09
-5.908534701573714256e+09
-5.879602309031146049e+09
-5.849472394970901489e+09
-5.818126354866100311e+09
-5.785544421862734795e+09
-5.751705592952856064e+09
-5.716587547931191444e+09
-5.680166560305901527e+09
-5.642417399215645790e+09
-5.603313221266874313e+09
-5.562825451043336868e+09
-5.520923648849482536e+09
-5.477575364025045395e+09
-5.432745971902363777e+09
-5.386398492162203789e+09
-5.338493385966849327e+09
-5.288988328797386169e+09
-5.237837955377846718e+09
-5.184993572410407066e+09
-5.130402834044937134e+09
-5.074009374027017593e+09
-5.015752387264587402e+09
-4.955566152064304352e+09
-4.893379482435330391e+09
-4.829115097536125183e+09
-4.762688892409649849e+09
-4.694009090427053452e+09
-4.622975253085398674e+09
-4.549477116632947922e+09
-4.473393216943075180e+09
-4.394589253447519302e+09
-4.312916128808810234e+09
-4.228207581973780632e+09
-4.140277306277996063e+09
-4.048915408353111744e+09
-3.953884013171927929e+09
-3.854911748630892277e+09
-3.751686738568009377e+09
-3.643847578242026806e+09
-3.530971531614513397e+09
-3.412558825160767555e+09
-3.288011330240782738e+09
-3.156602964406441212e+09
-3.017437495045413971e+09
-2.869386483660049438e+09
-2.710994567168047428e+09
-2.540328185159743786e+09
-2.354719946812776089e+09
-2.150304109194221497e+09
-1.921086278805768728e+09
-1.656804217073542595e+09
-1.336821203941717625e+09
-9.037945803125476837e+08
