-6.260057185451354980e+09
-6.181517369111609459e+09
-6.102977552771864891e+09
-6.024437736432120323e+09
-5.945897920092375755e+09
-5.867358103752631187e+09
-5.788818287412885666e+09
-5.710278471073141098e+09
-5.631738654733396530e+09
-5.553198838393651962e+09
-5.474659022053906441e+09
-5.396119205714161873e+09
-5.317579389374417305e+09
-5.239039573034671783e+09
-5.160499756694927216e+09
-5.081959940355182648e+09
-5.003420124015438080e+09
-4.924880307675692558e+09
-4.846340491335947990e+09
-4.767800674996203423e+09
-4.689260858656458855e+09
-4.610721042316713333e+09
-4.532181225976968765e+09
-4.453641409637224197e+09
-4.375101593297479630e+09
-4.296561776957734108e+09
-4.218021960617989540e+09
-4.139482144278244972e+09
-4.060942327938499451e+09
-3.982402511598754883e+09
-3.903862695259010315e+09
-3.825322878919265747e+09
-3.746783062579520702e+09
-3.668243246239775658e+09
-3.589703429900031090e+09
-3.511163613560286522e+09
-3.432623797220541000e+09
-3.354083980880796432e+09
-3.275544164541051865e+09
-3.197004348201306820e+09
-3.118464531861561775e+09
-3.039924715521817207e+09
-2.961384899182072639e+09
-2.882845082842327595e+09
-2.804305266502582550e+09
-2.725765450162837982e+09
-2.647225633823093414e+09
-2.568685817483348370e+09
-2.490146001143603325e+09
-2.411606184803858757e+09
-2.333066368464113712e+09
-2.254526552124369144e+09
-2.175986735784624100e+09
-2.097446919444879532e+09
-2.018907103105134487e+09
-1.940367286765389681e+09
-1.861827470425644875e+09
-1.783287654085900068e+09
-1.704747837746155262e+09
-1.626208021406410456e+09
-1.547668205066665649e+09
-1.469128388726920843e+09
-1.390588572387176037e+09
-1.312048756047431231e+09
-1.233508939707686424e+09
-1.154969123367941380e+09
-1.076429307028196812e+09
-9.978894906884518862e+08
-9.193496743487070799e+08
-8.408098580089622736e+08
-7.622700416692174673e+08
-6.837302253294725418e+08
-6.051904089897277355e+08
-5.266505926499829292e+08
-4.481107763102381229e+08
-3.695709599704933167e+08
-2.910311436307485104e+08
-2.124913272910037041e+08
-1.339515109512588978e+08
-5.541169461151409149e+07
2.312812172823071480e+07
1.016679380679755211e+08
1.802077544077203274e+08
2.587475707474653721e+08
3.372873870872101784e+08
4.158272034269549847e+08
4.943670197666997910e+08
5.729068361064445972e+08
6.514466524461891651e+08
7.299864687859342098e+08
8.085262851256787777e+08
8.870661014654238224e+08
9.656059178051688671e+08
1.044145734144913435e+09
1.122685550484658480e+09
1.201225366824403048e+09
1.279765183164148092e+09
1.358304999503892660e+09
1.436844815843637705e+09
1.515384632183382273e+09
1.593924448523127317e+09
1.672464264862871885e+09
1.751004081202616930e+09
1.829543897542361498e+09
1.908083713882106543e+09
1.986623530221851110e+09
2.065163346561596155e+09
2.143703162901341200e+09
2.222242979241086006e+09
2.300782795580830574e+09
2.379322611920575142e+09
2.457862428260320663e+09
2.536402244600065231e+09
2.614942060939809799e+09
2.693481877279555321e+09
2.772021693619299889e+09
2.850561509959044456e+09
2.929101326298789024e+09
3.007641142638534546e+09
3.086180958978279114e+09
3.164720775318023682e+09
3.243260591657768250e+09
3.321800407997513771e+09
3.400340224337258339e+09
3.478880040677002907e+09
3.557419857016748428e+09
3.635959673356492996e+09
3.714499489696237564e+09
3.793039306035982132e+09
3.871579122375727654e+09
3.950118938715472221e+09
4.028658755055216789e+09
4.107198571394961357e+09
4.185738387734706879e+09
4.264278204074451447e+09
4.342818020414196014e+09
4.421357836753940582e+09
4.499897653093686104e+09
4.578437469433430672e+09
4.656977285773175240e+09
4.735517102112920761e+09
4.814056918452665329e+09
4.892596734792409897e+09
4.971136551132154465e+09
5.049676367471899986e+09
5.128216183811644554e+09
5.206756000151389122e+09
5.285295816491133690e+09
5.363835632830879211e+09
5.442375449170623779e+09
5.520915265510368347e+09
5.599455081850112915e+09
5.677994898189858437e+09
5.756534714529603004e+09
5.835074530869347572e+09
5.913614347209093094e+09
5.992154163548837662e+09
6.070693979888582230e+09
6.149233796228326797e+09
6.227773612568072319e+09
