-6.410125049796369076e+08
-1.177395034779953718e+09
-1.532737452666747332e+09
-1.816582539877790451e+09
-2.058718811316633463e+09
-2.272517801568943024e+09
-2.465362887553300381e+09
-2.641846734899888992e+09
-2.805059209459916115e+09
-2.957198532555636883e+09
-3.099895505951963425e+09
-3.234400118907952785e+09
-3.361695867424805641e+09
-3.482573340997845173e+09
-3.597679535519445896e+09
-3.707552022515741348e+09
-3.812643302687041759e+09
-3.913338587687856197e+09
-4.009969057829232216e+09
-4.102821929124826908e+09
-4.192148221850690842e+09
-4.278168841960645676e+09
-4.361079403218716621e+09
-4.441054095204513550e+09
-4.518248818556330681e+09
-4.592803750514190674e+09
-4.664845462562226295e+09
-4.734488682311554909e+09
-4.801837770144224167e+09
-4.866987965172067642e+09
-4.930026443131362915e+09
-4.991033219817099571e+09
-5.050081926777014732e+09
-5.107240480680393219e+09
-5.162571663651728630e+09
-5.216133628625487328e+09
-5.267980341223214149e+09
-5.318161967620904922e+09
-5.366725216245311737e+09
-5.413713639823938370e+09
-5.459167903247424126e+09
-5.503126021833102226e+09
-5.545623573864801407e+09
-5.586693890695286751e+09
-5.626368227209956169e+09
-5.664675915044214249e+09
-5.701644500607254028e+09
-5.737299869679684639e+09
-5.771666360111847878e+09
-5.804766863946010590e+09
-5.836622920112545013e+09
-5.867254798702646255e+09
-5.896681577693847656e+09
-5.924921212896203041e+09
-5.951990601793609619e+09
-5.977905641874095917e+09
-6.002681283972976685e+09
-6.026331581092052460e+09
-6.048869733105023384e+09
-6.070308127713063240e+09
-6.090658377973858833e+09
-6.109931356691798210e+09
-6.128137227925532341e+09
-6.145285475841347694e+09
-6.161384931116140366e+09
-6.176443795071895599e+09
-6.190469661704015732e+09
-6.203469537748386383e+09
-6.215449860916357040e+09
-6.226416516412693024e+09
-6.236374851838769913e+09
-6.245329690571662903e+09
-6.253285343699220657e+09
-6.260245620581484795e+09
-6.266213838099883080e+09
-6.271192828647347450e+09
-6.275184946904753685e+09
-6.278192075441842079e+09
-6.280215629173898697e+09
-6.281256558698913574e+09
-6.281315352533636093e+09
-6.280392038260831833e+09
-6.278486182594015121e+09
-6.275596890360033989e+09
-6.271722802393910408e+09
-6.266862092334373474e+09
-6.261012462302405357e+09
-6.254171137438848495e+09
-6.246334859270586014e+09
-6.237499877867997169e+09
-6.227661942749165535e+09
-6.216816292478649139e+09
-6.204957642900415421e+09
-6.192080173935671806e+09
-6.178177514866726875e+09
-6.163242728017534256e+09
-6.147268290730108261e+09
-6.130246075523344994e+09
-6.112167328306834221e+09
-6.093022644506770134e+09
-6.072801942943775177e+09
-6.051494437283218384e+09
-6.029088604856991768e+09
-6.005572152631400108e+09
-5.980931980068467140e+09
-5.955154138596943855e+09
-5.928223787374220848e+09
-5.900125144980352402e+09
-5.870841436639891624e+09
-5.840354836515081406e+09
-5.808646404554239273e+09
-5.775696017310409546e+09
-5.741482292066082954e+09
-5.705982503508059502e+09
-5.669172492090044975e+09
-5.631026563096593857e+09
-5.591517375277220726e+09
-5.550615817749713898e+09
-5.508290873671998024e+09
-5.464509468946115494e+09
-5.419236303938400269e+09
-5.372433665867336273e+09
-5.324061219113112450e+09
-5.274075770225746155e+09
-5.222431003833274841e+09
-5.169077184954234123e+09
-5.113960822369330406e+09
-5.057024286667115211e+09
-4.998205375297451019e+09
-4.937436815379235268e+09
-4.874645693029474258e+09
-4.809752795495628357e+09
-4.742671849230541229e+09
-4.673308633044506073e+09
-4.601559940323653221e+09
-4.527312357634843826e+09
-4.450440818311548233e+09
-4.370806878082419395e+09
-4.288256644394112587e+09
-4.202618270243749142e+09
-4.113698894800335884e+09
-4.021280873462470531e+09
-3.925117084109375954e+09
-3.824925016148440838e+09
-3.720379231858985424e+09
-3.611101614886486053e+09
-3.496648554219105721e+09
-3.376493794590473652e+09
-3.250005011164140701e+09
-3.116411043937355042e+09
-2.974754781735130787e+09
-2.823823157110939026e+09
-2.662038960705608368e+09
-2.487285393454445839e+09
-2.296603758415395737e+09
-2.085629883834195375e+09
-1.847424747050715208e+09
-1.569639249696303844e+09
-1.225650662651313066e+09
-7.268663660031878948e+08
