-6.247621223831700325e+09
-6.169081407491954803e+09
-6.090541591152210236e+09
-6.012001774812465668e+09
-5.933461958472721100e+09
-5.854922142132976532e+09
-5.776382325793231010e+09
-5.697842509453486443e+09
-5.619302693113741875e+09
-5.540762876773996353e+09
-5.462223060434251785e+09
-5.383683244094507217e+09
-5.305143427754762650e+09
-5.226603611415017128e+09
-5.148063795075272560e+09
-5.069523978735527992e+09
-4.990984162395783424e+09
-4.912444346056037903e+09
-4.833904529716293335e+09
-4.755364713376548767e+09
-4.676824897036804199e+09
-4.598285080697058678e+09
-4.519745264357314110e+09
-4.441205448017569542e+09
-4.362665631677824020e+09
-4.284125815338079453e+09
-4.205585998998334885e+09
-4.127046182658589840e+09
-4.048506366318845272e+09
-3.969966549979100227e+09
-3.891426733639355659e+09
-3.812886917299610615e+09
-3.734347100959866047e+09
-3.655807284620121002e+09
-3.577267468280376434e+09
-3.498727651940631390e+09
-3.420187835600886345e+09
-3.341648019261141777e+09
-3.263108202921397209e+09
-3.184568386581652164e+09
-3.106028570241907120e+09
-3.027488753902162552e+09
-2.948948937562417984e+09
-2.870409121222672939e+09
-2.791869304882927895e+09
-2.713329488543183327e+09
-2.634789672203438282e+09
-2.556249855863693237e+09
-2.477710039523948669e+09
-2.399170223184204102e+09
-2.320630406844459057e+09
-2.242090590504714489e+09
-2.163550774164969444e+09
-2.085010957825224876e+09
-2.006471141485479832e+09
-1.927931325145734787e+09
-1.849391508805990219e+09
-1.770851692466245174e+09
-1.692311876126500607e+09
-1.613772059786755562e+09
-1.535232243447010994e+09
-1.456692427107265949e+09
-1.378152610767521381e+09
-1.299612794427776337e+09
-1.221072978088031769e+09
-1.142533161748286724e+09
-1.063993345408542156e+09
-9.854535290687971115e+08
-9.069137127290525436e+08
-8.283738963893074989e+08
-7.498340800495624542e+08
-6.712942637098178864e+08
-5.927544473700728416e+08
-5.142146310303282738e+08
-4.356748146905832291e+08
-3.571349983508386612e+08
-2.785951820110936165e+08
-2.000553656713485718e+08
-1.215155493316040039e+08
-4.297573299185943604e+07
3.556408334788513184e+07
1.141038996876306534e+08
1.926437160273752213e+08
2.711835323671197891e+08
3.497233487068643570e+08
4.282631650466098785e+08
5.068029813863544464e+08
5.853427977260990143e+08
6.638826140658445358e+08
7.424224304055891037e+08
8.209622467453336716e+08
8.995020630850782394e+08
9.780418794248237610e+08
1.056581695764568329e+09
1.135121512104312897e+09
1.213661328444057465e+09
1.292201144783802986e+09
1.370740961123547554e+09
1.449280777463292122e+09
1.527820593803036690e+09
1.606360410142782211e+09
1.684900226482526779e+09
1.763440042822271347e+09
1.841979859162016869e+09
1.920519675501761436e+09
1.999059491841506004e+09
2.077599308181250572e+09
2.156139124520996094e+09
2.234678940860740662e+09
2.313218757200485229e+09
2.391758573540229797e+09
2.470298389879975319e+09
2.548838206219719887e+09
2.627378022559464455e+09
2.705917838899209023e+09
2.784457655238954544e+09
2.862997471578699112e+09
2.941537287918443680e+09
3.020077104258189201e+09
3.098616920597933769e+09
3.177156736937678337e+09
3.255696553277422905e+09
3.334236369617168427e+09
3.412776185956912994e+09
3.491316002296657562e+09
3.569855818636402130e+09
3.648395634976147652e+09
3.726935451315892220e+09
3.805475267655636787e+09
3.884015083995381355e+09
3.962554900335126877e+09
4.041094716674871445e+09
4.119634533014616966e+09
4.198174349354361534e+09
4.276714165694106102e+09
4.355253982033850670e+09
4.433793798373595238e+09
4.512333614713339806e+09
4.590873431053084373e+09
4.669413247392830849e+09
4.747953063732575417e+09
4.826492880072319984e+09
4.905032696412064552e+09
4.983572512751809120e+09
5.062112329091553688e+09
5.140652145431298256e+09
5.219191961771042824e+09
5.297731778110789299e+09
5.376271594450533867e+09
5.454811410790278435e+09
5.533351227130023003e+09
5.611891043469767570e+09
5.690430859809512138e+09
5.768970676149256706e+09
5.847510492489003181e+09
5.926050308828747749e+09
6.004590125168492317e+09
6.083129941508236885e+09
6.161669757847981453e+09
6.240209574187726021e+09
