-6.506508556089552641e+08
-1.182603940511808634e+09
-1.536691452056034088e+09
-1.819876960684084654e+09
-2.061588387562861443e+09
-2.275083339558789253e+09
-2.467696237108725071e+09
-2.643994748452003479e+09
-2.807054458955440998e+09
-2.959064756935901642e+09
-3.101650646097534657e+09
-3.236058129829101562e+09
-3.363267860775799751e+09
-3.484068337665103436e+09
-3.599104979604257107e+09
-3.708914143169464111e+09
-3.813947375501061916e+09
-3.914589127773059368e+09
-4.011169965230254173e+09
-4.103976600219614983e+09
-4.193259635991272926e+09
-4.279239629772539616e+09
-4.362111901097518921e+09
-4.442050389277009964e+09
-4.519210780496315002e+09
-4.593733066987111092e+09
-4.665743659633065224e+09
-4.735357145831783295e+09
-4.802677762899854660e+09
-4.867800641401003838e+09
-4.930812860887534142e+09
-4.991794351559612274e+09
-5.050818668486289978e+09
-5.107953659744323730e+09
-5.163262045718761444e+09
-5.216801923585269928e+09
-5.268627208446683884e+09
-5.318788020568696022e+09
-5.367331026534889221e+09
-5.414299740830914497e+09
-5.459734793304340363e+09
-5.503674167079016685e+09
-5.546153410790803909e+09
-5.587205828424317360e+09
-5.626862649543660164e+09
-5.665153182304866791e+09
-5.702104951298869133e+09
-5.737743821989077568e+09
-5.772094113267663002e+09
-5.805178699451313019e+09
-5.837019102864568710e+09
-5.867635578011572838e+09
-5.897047188210988998e+09
-5.925271875460713387e+09
-5.952326524205718994e+09
-5.978227019601947784e+09
-6.002988300799301147e+09
-6.026624409706184387e+09
-6.049148535645175934e+09
-6.070573056263188362e+09
-6.090909575018959045e+09
-6.110168955535135269e+09
-6.128361353070789337e+09
-6.145496243342485428e+09
-6.161582448897377968e+09
-6.176628163219997406e+09
-6.190640972734835625e+09
-6.203627876849387169e+09
-6.215595306166657448e+09
-6.226549138982023239e+09
-6.236494716166543007e+09
-6.245436854527253151e+09
-6.253379858724398613e+09
-6.260327531815833092e+09
-6.266283184489933968e+09
-6.271249643040047646e+09
-6.275229256125802040e+09
-6.278223900359327316e+09
-6.280234984747594833e+09
-6.281263454015504837e+09
-6.281309790828072548e+09
-6.280374016923916817e+09
-6.278455693166285515e+09
-6.275553918511884689e+09
-6.271667327891860962e+09
-6.266794088993289948e+09
-6.260931897923414230e+09
-6.254077973732591629e+09
-6.246229051765398979e+09
-6.237381375802479744e+09
-6.227530688948536873e+09
-6.216672223214174271e+09
-6.204800687731083870e+09
-6.191910255531183243e+09
-6.177994548810722351e+09
-6.163046622589867592e+09
-6.147058946666805267e+09
-6.130023385752706528e+09
-6.111931177660001755e+09
-6.092772909400801659e+09
-6.072538491035103798e+09
-6.051217127089070320e+09
-6.028797285342074394e+09
-6.005266662756821632e+09
-5.980612148299502373e+09
-5.954819782365823746e+09
-5.927874712493658066e+09
-5.899761145002974510e+09
-5.870462292158130646e+09
-5.839960314395365715e+09
-5.808236257098516464e+09
-5.775269981337096214e+09
-5.741040087901460648e+09
-5.705523833877875328e+09
-5.668697040899611473e+09
-5.630533994086009979e+09
-5.591007330536327362e+09
-5.550087916075057983e+09
-5.507744708745354652e+09
-5.463944607310834885e+09
-5.418652282746006012e+09
-5.371829990362174988e+09
-5.323437359817348480e+09
-5.273431159780353546e+09
-5.221765033442644119e+09
-5.168389200372278214e+09
-5.113250119353049278e+09
-5.056290105808979988e+09
-4.997446896129886627e+09
-4.936653149622052193e+09
-4.873835876823002815e+09
-4.808915780426958084e+09
-4.741806491915335655e+09
-4.672413682969441414e+09
-4.600634025580424309e+09
-4.526353968080187798e+09
-4.449448285560898781e+09
-4.369778351576315880e+09
-4.287190062550045013e+09
-4.201511325398197174e+09
-4.112548990221201897e+09
-4.020085070118315220e+09
-3.923872034038007259e+09
-3.823626878046758175e+09
-3.719023562715926647e+09
-3.609683228768082142e+09
-3.495161335126249790e+09
-3.374930443664294720e+09
-3.248356697636712551e+09
-3.114666910777001381e+09
-2.972901224325430870e+09
-2.821842732790185452e+09
-2.659908668000567436e+09
-2.484973808736616135e+09
-2.294065939027906895e+09
-2.082797452852216721e+09
-1.844184080048953772e+09
-1.565773804578098059e+09
-1.220632331047548294e+09
-7.182631569228739738e+08
