-6.256039489613971710e+09
-6.177499673274227142e+09
-6.098959856934482574e+09
-6.020420040594738007e+09
-5.941880224254993439e+09
-5.863340407915248871e+09
-5.784800591575502396e+09
-5.706260775235757828e+09
-5.627720958896013260e+09
-5.549181142556268692e+09
-5.470641326216524124e+09
-5.392101509876779556e+09
-5.313561693537034988e+09
-5.235021877197290421e+09
-5.156482060857543945e+09
-5.077942244517799377e+09
-4.999402428178054810e+09
-4.920862611838310242e+09
-4.842322795498565674e+09
-4.763782979158821106e+09
-4.685243162819076538e+09
-4.606703346479331970e+09
-4.528163530139587402e+09
-4.449623713799840927e+09
-4.371083897460096359e+09
-4.292544081120352268e+09
-4.214004264780607700e+09
-4.135464448440862179e+09
-4.056924632101117611e+09
-3.978384815761373043e+09
-3.899844999421628475e+09
-3.821305183081882954e+09
-3.742765366742138386e+09
-3.664225550402393818e+09
-3.585685734062649250e+09
-3.507145917722903728e+09
-3.428606101383159161e+09
-3.350066285043414593e+09
-3.271526468703669071e+09
-3.192986652363924503e+09
-3.114446836024179935e+09
-3.035907019684435368e+09
-2.957367203344689846e+09
-2.878827387004945278e+09
-2.800287570665200710e+09
-2.721747754325456142e+09
-2.643207937985710621e+09
-2.564668121645966053e+09
-2.486128305306221485e+09
-2.407588488966476917e+09
-2.329048672626731396e+09
-2.250508856286986828e+09
-2.171969039947242260e+09
-2.093429223607496738e+09
-2.014889407267752171e+09
-1.936349590928007603e+09
-1.857809774588263035e+09
-1.779269958248517513e+09
-1.700730141908772945e+09
-1.622190325569028378e+09
-1.543650509229283810e+09
-1.465110692889538288e+09
-1.386570876549793720e+09
-1.308031060210049152e+09
-1.229491243870304585e+09
-1.150951427530559063e+09
-1.072411611190814495e+09
-9.938717948510699272e+08
-9.153319785113244057e+08
-8.367921621715798378e+08
-7.582523458318352699e+08
-6.797125294920907021e+08
-6.011727131523451805e+08
-5.226328968126006126e+08
-4.440930804728560448e+08
-3.655532641331114769e+08
-2.870134477933664322e+08
-2.084736314536213875e+08
-1.299338151138768196e+08
-5.139399877413177490e+07
2.714581756561279297e+07
1.056856339053578377e+08
1.842254502451024055e+08
2.627652665848474503e+08
3.413050829245924950e+08
4.198448992643370628e+08
4.983847156040821075e+08
5.769245319438266754e+08
6.554643482835717201e+08
7.340041646233162880e+08
8.125439809630613327e+08
8.910837973028059006e+08
9.696236136425509453e+08
1.048163429982295513e+09
1.126703246322040558e+09
1.205243062661785126e+09
1.283782879001530170e+09
1.362322695341274738e+09
1.440862511681019783e+09
1.519402328020764828e+09
1.597942144360509396e+09
1.676481960700254440e+09
1.755021777039999008e+09
1.833561593379743814e+09
1.912101409719488621e+09
1.990641226059233427e+09
2.069181042398978233e+09
2.147720858738723278e+09
2.226260675078468323e+09
2.304800491418212891e+09
2.383340307757957458e+09
2.461880124097702503e+09
2.540419940437447548e+09
2.618959756777192116e+09
2.697499573116936684e+09
2.776039389456681728e+09
2.854579205796426773e+09
2.933119022136171341e+09
3.011658838475915909e+09
3.090198654815660954e+09
3.168738471155405998e+09
3.247278287495150566e+09
3.325818103834895611e+09
3.404357920174640179e+09
3.482897736514385223e+09
3.561437552854129791e+09
3.639977369193874836e+09
3.718517185533619404e+09
3.797057001873364449e+09
3.875596818213109016e+09
3.954136634552854061e+09
4.032676450892599106e+09
4.111216267232343674e+09
4.189756083572088718e+09
4.268295899911833286e+09
4.346835716251578331e+09
4.425375532591322899e+09
4.503915348931067467e+09
4.582455165270812988e+09
4.660994981610557556e+09
4.739534797950302124e+09
4.818074614290046692e+09
4.896614430629792213e+09
4.975154246969536781e+09
5.053694063309281349e+09
5.132233879649026871e+09
5.210773695988771439e+09
5.289313512328516006e+09
5.367853328668260574e+09
5.446393145008005142e+09
5.524932961347750664e+09
5.603472777687495232e+09
5.682012594027239799e+09
5.760552410366985321e+09
5.839092226706729889e+09
5.917632043046474457e+09
5.996171859386219025e+09
6.074711675725964546e+09
6.153251492065709114e+09
6.231791308405453682e+09
