-6.260914914252285004e+09
-6.182375097912540436e+09
-6.103835281572793961e+09
-6.025295465233049393e+09
-5.946755648893304825e+09
-5.868215832553560257e+09
-5.789676016213815689e+09
-5.711136199874071121e+09
-5.632596383534326553e+09
-5.554056567194581985e+09
-5.475516750854835510e+09
-5.396976934515090942e+09
-5.318437118175346375e+09
-5.239897301835601807e+09
-5.161357485495857239e+09
-5.082817669156112671e+09
-5.004277852816368103e+09
-4.925738036476621628e+09
-4.847198220136877060e+09
-4.768658403797132492e+09
-4.690118587457387924e+09
-4.611578771117643356e+09
-4.533038954777898788e+09
-4.454499138438154221e+09
-4.375959322098409653e+09
-4.297419505758663177e+09
-4.218879689418918610e+09
-4.140339873079174042e+09
-4.061800056739429474e+09
-3.983260240399684906e+09
-3.904720424059940338e+09
-3.826180607720195770e+09
-3.747640791380450249e+09
-3.669100975040705681e+09
-3.590561158700960159e+09
-3.512021342361215591e+09
-3.433481526021471024e+09
-3.354941709681726456e+09
-3.276401893341980934e+09
-3.197862077002236366e+09
-3.119322260662491798e+09
-3.040782444322747231e+09
-2.962242627983001709e+09
-2.883702811643257141e+09
-2.805162995303512573e+09
-2.726623178963768005e+09
-2.648083362624022484e+09
-2.569543546284277916e+09
-2.491003729944533348e+09
-2.412463913604787827e+09
-2.333924097265043259e+09
-2.255384280925298691e+09
-2.176844464585554123e+09
-2.098304648245808601e+09
-2.019764831906064034e+09
-1.941225015566319466e+09
-1.862685199226574898e+09
-1.784145382886829376e+09
-1.705605566547084808e+09
-1.627065750207340240e+09
-1.548525933867595673e+09
-1.469986117527850151e+09
-1.391446301188105583e+09
-1.312906484848361015e+09
-1.234366668508615494e+09
-1.155826852168870926e+09
-1.077287035829126358e+09
-9.987472194893817902e+08
-9.202074031496362686e+08
-8.416675868098917007e+08
-7.631277704701471329e+08
-6.845879541304025650e+08
-6.060481377906570435e+08
-5.275083214509124756e+08
-4.489685051111679077e+08
-3.704286887714233398e+08
-2.918888724316778183e+08
-2.133490560919332504e+08
-1.348092397521886826e+08
-5.626942341244316101e+07
2.227039292730140686e+07
1.008102092670459747e+08
1.793500256067905426e+08
2.578898419465360641e+08
3.364296582862806320e+08
4.149694746260251999e+08
4.935092909657697678e+08
5.720491073055148125e+08
6.505889236452598572e+08
7.291287399850044250e+08
8.076685563247494698e+08
8.862083726644940376e+08
9.647481890042390823e+08
1.043288005343983650e+09
1.121827821683728695e+09
1.200367638023473740e+09
1.278907454363218307e+09
1.357447270702963352e+09
1.435987087042707920e+09
1.514526903382452965e+09
1.593066719722197533e+09
1.671606536061942577e+09
1.750146352401687145e+09
1.828686168741432190e+09
1.907225985081176758e+09
1.985765801420921803e+09
2.064305617760666370e+09
2.142845434100411415e+09
2.221385250440155983e+09
2.299925066779901028e+09
2.378464883119646072e+09
2.457004699459390640e+09
2.535544515799135685e+09
2.614084332138880253e+09
2.692624148478625298e+09
2.771163964818369865e+09
2.849703781158114433e+09
2.928243597497859478e+09
3.006783413837604523e+09
3.085323230177349091e+09
3.163863046517094135e+09
3.242402862856839180e+09
3.320942679196583748e+09
3.399482495536328316e+09
3.478022311876073360e+09
3.556562128215818405e+09
3.635101944555562973e+09
3.713641760895307541e+09
3.792181577235052586e+09
3.870721393574797630e+09
3.949261209914542198e+09
4.027801026254287243e+09
4.106340842594031811e+09
4.184880658933776855e+09
4.263420475273521423e+09
4.341960291613265991e+09
4.420500107953011513e+09
4.499039924292756081e+09
4.577579740632500648e+09
4.656119556972245216e+09
4.734659373311990738e+09
4.813199189651735306e+09
4.891739005991479874e+09
4.970278822331225395e+09
5.048818638670969963e+09
5.127358455010714531e+09
5.205898271350459099e+09
5.284438087690204620e+09
5.362977904029949188e+09
5.441517720369693756e+09
5.520057536709438324e+09
5.598597353049183846e+09
5.677137169388928413e+09
5.755676985728672981e+09
5.834216802068418503e+09
5.912756618408163071e+09
5.991296434747907639e+09
6.069836251087652206e+09
6.148376067427396774e+09
6.226915883767142296e+09
