-8.285187911773838997e+08
-1.287763917787543774e+09
-1.617989932933964729e+09
-1.888149870294841290e+09
-2.121318325195875406e+09
-2.328633920440887928e+09
-2.516494273496879578e+09
-2.688980088464008808e+09
-2.848885290472024441e+09
-2.998223453126612663e+09
-3.138503360837408066e+09
-3.270890675579907417e+09
-3.396308477111891747e+09
-3.515502770061100483e+09
-3.629086823900891781e+09
-3.737572155693250656e+09
-3.841390771207032204e+09
-3.940911504933124542e+09
-4.036452268615672588e+09
-4.128289396155457973e+09
-4.216664885250573635e+09
-4.301792087618774414e+09
-4.383860236160864830e+09
-4.463038087422504425e+09
-4.539476882183023453e+09
-4.613312774185478210e+09
-4.684668839475248337e+09
-4.753656751716141701e+09
-4.820378189024300575e+09
-4.884926023166017532e+09
-4.947385330948719978e+09
-5.007834259284867287e+09
-5.066344769017057419e+09
-5.122983277654184341e+09
-5.177811217319628716e+09
-5.230885521188183784e+09
-5.282259049294157028e+09
-5.331980962683802605e+09
-5.380097053352625847e+09
-5.426650036169953346e+09
-5.471679807986916542e+09
-5.515223678301612854e+09
-5.557316575179467201e+09
-5.597991229568758965e+09
-5.637278340688144684e+09
-5.675206724776927948e+09
-5.711803449175530434e+09
-5.747093953431798935e+09
-5.781102158899272919e+09
-5.813850568099078178e+09
-5.845360354951673508e+09
-5.875651446843503952e+09
-5.904742599372661591e+09
-5.932651464513730049e+09
-5.959394652852437973e+09
-5.984987790463251114e+09
-6.009445570935873985e+09
-6.032781802998185158e+09
-6.055009454132165909e+09
-6.076140690534776688e+09
-6.096186913736618042e+09
-6.115158794156810760e+09
-6.133066301842155457e+09
-6.149918734611774445e+09
-6.165724743804623604e+09
-6.180492357806046486e+09
-6.194229003510600090e+09
-6.206941525861473083e+09
-6.218636205591528893e+09
-6.229318775277335167e+09
-6.238994433805038452e+09
-6.247667859335708618e+09
-6.255343220847377777e+09
-6.262024188321592331e+09
-6.267713941633487701e+09
-6.272415178196315765e+09
-6.276130119403747559e+09
-6.278860515906123161e+09
-6.280607651750070572e+09
-6.281372347404413223e+09
-6.281154961689032555e+09
-6.279955392617316246e+09
-6.277773077156780243e+09
-6.274606989906566620e+09
-6.270455640684560776e+09
-6.265317071010846138e+09
-6.259188849468091011e+09
-6.252068065913076401e+09
-6.243951324507030487e+09
-6.234834735525454521e+09
-6.224713905900822639e+09
-6.213583928443714142e+09
-6.201439369679558754e+09
-6.188274256229100227e+09
-6.174082059650866508e+09
-6.158855679653175354e+09
-6.142587425571434975e+09
-6.125268995993489265e+09
-6.106891456401406288e+09
-6.087445214682145119e+09
-6.066919994341711998e+09
-6.045304805237579346e+09
-6.022587911621757507e+09
-5.998756797261839867e+09
-5.973798127378960609e+09
-5.947697707109554291e+09
-5.920440436161381721e+09
-5.892010259292827606e+09
-5.862390112197218895e+09
-5.831561862319746971e+09
-5.799506244072440147e+09
-5.766202787841139793e+09
-5.731629742095809937e+09
-5.695763987819919586e+09
-5.658580944363515854e+09
-5.620054465695163727e+09
-5.580156725876527786e+09
-5.538858092405743599e+09
-5.496126985866572380e+09
-5.451929724073081970e+09
-5.406230348606230736e+09
-5.358990431289193153e+09
-5.310168857730031967e+09
-5.259721584557611465e+09
-5.207601366369668961e+09
-5.153757447675229073e+09
-5.098135214215015411e+09
-5.040675796941228867e+09
-4.981315620578328133e+09
-4.919985886998544693e+09
-4.856611981537200928e+09
-4.791112787720110893e+09
-4.723399892513683319e+09
-4.653376659914823532e+09
-4.580937145168052673e+09
-4.505964814711656570e+09
-4.428331027526863098e+09
-4.347893221066201210e+09
-4.264492728183314800e+09
-4.177952128754223824e+09
-4.088072008428199291e+09
-3.994626953361857414e+09
-3.897360548044603825e+09
-3.795979054326124668e+09
-3.690143319006653309e+09
-3.579458261138807297e+09
-3.463458988664206982e+09
-3.341592118075093269e+09
-3.213190096384419441e+09
-3.077435019935089111e+09
-2.933306155661470890e+09
-2.779501159967148304e+09
-2.614312794631622791e+09
-2.435425850357412815e+09
-2.239560169207845688e+09
-2.021787185861577272e+09
-1.774057522411410093e+09
-1.481418156778693914e+09
-1.108865371513282299e+09
-5.022231212794147730e+08
