-5.070127502048456669e+08
-1.111015589939171553e+09
-1.483007871794397354e+09
-1.775368144644661427e+09
-2.022922327904001713e+09
-2.240571452764830589e+09
-2.436343391161331654e+09
-2.615155979834650993e+09
-2.780283343936909199e+09
-2.934037003989505291e+09
-3.078121798026368141e+09
-3.213838431018128872e+09
-3.342206473632605076e+09
-3.464042978745061398e+09
-3.580014860205591202e+09
-3.690675010684549809e+09
-3.796487938106557369e+09
-3.897848417830587387e+09
-3.995095356443807125e+09
-4.088522290543609142e+09
-4.178385469049461842e+09
-4.264910166715597153e+09
-4.348295680705611229e+09
-4.428719331593584061e+09
-4.506339701322682381e+09
-4.581299279014845848e+09
-4.653726642013420105e+09
-4.723738268338721275e+09
-4.791440054038926125e+09
-4.856928592189515114e+09
-4.920292257814177513e+09
-4.981612133585160255e+09
-5.040962803984799385e+09
-5.098413040087309837e+09
-5.154026392831626892e+09
-5.207861709298385620e+09
-5.259973583854413986e+09
-5.310412753921754837e+09
-5.359226448442168236e+09
-5.406458695749734879e+09
-5.452150596463052750e+09
-5.496340566110833168e+09
-5.539064551468716621e+09
-5.580356223978693962e+09
-5.620247153120297432e+09
-5.658766962184826851e+09
-5.695943468554689407e+09
-5.731802810296756744e+09
-5.766369560631663322e+09
-5.799666831631937981e+09
-5.831716368324382782e+09
-5.862538634220848083e+09
-5.892152889172192574e+09
-5.920577260329182625e+09
-5.947828806898568153e+09
-5.973923579299999237e+09
-5.998876673258022308e+09
-6.022702279301259995e+09
-6.045413728086819649e+09
-6.067023531920673370e+09
-6.087543422803361893e+09
-6.106984387293975830e+09
-6.125356698453316689e+09
-6.142669945098799706e+09
-6.158933058578564644e+09
-6.174154337249950409e+09
-6.188341468827610970e+09
-6.201501550748754501e+09
-6.213641108687045097e+09
-6.224766113332339287e+09
-6.234881995540431976e+09
-6.243993659945254326e+09
-6.252105497115148544e+09
-6.259221394325097084e+09
-6.265344745007669449e+09
-6.270478456937083244e+09
-6.274624959192982674e+09
-6.277786207943183899e+09
-6.279963691077713013e+09
-6.281158431719884872e+09
-6.281370990633799553e+09
-6.280601467541505814e+09
-6.278849501357061386e+09
-6.276114269338773727e+09
-6.272394485154959679e+09
-6.267688395852619171e+09
-6.261993777712290764e+09
-6.255307930966143608e+09
-6.247627673349867821e+09
-6.238949332452128410e+09
-6.229268736818252563e+09
-6.218581205757172585e+09
-6.206881537792551041e+09
-6.194163997690273285e+09
-6.180422301984979630e+09
-6.165649602918003082e+09
-6.149838470687760353e+09
-6.132980873901209831e+09
-6.115068158101230621e+09
-6.096091022229551315e+09
-6.076039492867910385e+09
-6.054902896081155777e+09
-6.032669826664811134e+09
-6.009328114575768471e+09
-5.984864788297904015e+09
-5.959266034864033699e+09
-5.932517156221187592e+09
-5.904602521587037086e+09
-5.875505515400688171e+09
-5.845208480420047760e+09
-5.813692655459490776e+09
-5.780938107194319725e+09
-5.746923655381016731e+09
-5.711626790752614021e+09
-5.675023584744537354e+09
-5.637088590085231781e+09
-5.597794731144589424e+09
-5.557113182767629623e+09
-5.515013236126278877e+09
-5.471462149892383575e+09
-5.426424984763038635e+09
-5.379864419045776367e+09
-5.331740542624668121e+09
-5.282010626164915085e+09
-5.230628861854871750e+09
-5.177546071308100700e+09
-5.122709375424819946e+09
-5.066061820004901886e+09
-5.007541949665129662e+09
-4.947083321079133987e+09
-4.884613944647141457e+09
-4.820055641305594444e+09
-4.753323298158995628e+09
-4.684324002762722969e+09
-4.612956030941058159e+09
-4.539107656624880791e+09
-4.462655743832857132e+09
-4.383464069887742043e+09
-4.301381314244049072e+09
-4.216238627444794178e+09
-4.127846667584187508e+09
-4.035991954044613361e+09
-3.940432335371141434e+09
-3.840891292481824875e+09
-3.737050688201270580e+09
-3.628541410292448997e+09
-3.514931106113927364e+09
-3.395707818665509224e+09
-3.270257710527338982e+09
-3.137834028638160229e+09
-2.997512682841276169e+09
-2.848126607229329109e+09
-2.688164997227596283e+09
-2.515611243481447220e+09
-2.327666599588423252e+09
-2.120242123873460054e+09
-1.886924620474805593e+09
-1.616541177130719185e+09
-1.285919603187927246e+09
-8.256125416110452414e+08
