-6.242715492768775940e+09
-6.164175676429031372e+09
-6.085635860089285851e+09
-6.007096043749541283e+09
-5.928556227409795761e+09
-5.850016411070051193e+09
-5.771476594730306625e+09
-5.692936778390562057e+09
-5.614396962050817490e+09
-5.535857145711071968e+09
-5.457317329371327400e+09
-5.378777513031582832e+09
-5.300237696691837311e+09
-5.221697880352092743e+09
-5.143158064012348175e+09
-5.064618247672603607e+09
-4.986078431332858086e+09
-4.907538614993113518e+09
-4.828998798653368950e+09
-4.750458982313624382e+09
-4.671919165973878860e+09
-4.593379349634134293e+09
-4.514839533294389725e+09
-4.436299716954645157e+09
-4.357759900614899635e+09
-4.279220084275155067e+09
-4.200680267935410500e+09
-4.122140451595665455e+09
-4.043600635255920410e+09
-3.965060818916175842e+09
-3.886521002576430798e+09
-3.807981186236686230e+09
-3.729441369896941185e+09
-3.650901553557196617e+09
-3.572361737217451572e+09
-3.493821920877707005e+09
-3.415282104537961960e+09
-3.336742288198217392e+09
-3.258202471858472347e+09
-3.179662655518727303e+09
-3.101122839178982735e+09
-3.022583022839238167e+09
-2.944043206499493122e+09
-2.865503390159748077e+09
-2.786963573820003510e+09
-2.708423757480258942e+09
-2.629883941140513897e+09
-2.551344124800768852e+09
-2.472804308461024284e+09
-2.394264492121279716e+09
-2.315724675781534672e+09
-2.237184859441789627e+09
-2.158645043102045059e+09
-2.080105226762300014e+09
-2.001565410422555208e+09
-1.923025594082810402e+09
-1.844485777743065834e+09
-1.765945961403320789e+09
-1.687406145063576221e+09
-1.608866328723831177e+09
-1.530326512384086132e+09
-1.451786696044341564e+09
-1.373246879704596519e+09
-1.294707063364851952e+09
-1.216167247025106907e+09
-1.137627430685362339e+09
-1.059087614345617294e+09
-9.805477980058727264e+08
-9.020079816661276817e+08
-8.234681653263831139e+08
-7.449283489866380692e+08
-6.663885326468935013e+08
-5.878487163071484566e+08
-5.093088999674038887e+08
-4.307690836276588440e+08
-3.522292672879137993e+08
-2.736894509481692314e+08
-1.951496346084241867e+08
-1.166098182686796188e+08
-3.807000192893457413e+07
4.046981441080999374e+07
1.190096307505550385e+08
1.975494470903000832e+08
2.760892634300446510e+08
3.546290797697892189e+08
4.331688961095337868e+08
5.117087124492793083e+08
5.902485287890238762e+08
6.687883451287684441e+08
7.473281614685130119e+08
8.258679778082585335e+08
9.044077941480031013e+08
9.829476104877476692e+08
1.061487426827493191e+09
1.140027243167237759e+09
1.218567059506982327e+09
1.297106875846726894e+09
1.375646692186472416e+09
1.454186508526216984e+09
1.532726324865961552e+09
1.611266141205706120e+09
1.689805957545451641e+09
1.768345773885196209e+09
1.846885590224940777e+09
1.925425406564685345e+09
2.003965222904430866e+09
2.082505039244175434e+09
2.161044855583920002e+09
2.239584671923665524e+09
2.318124488263410091e+09
2.396664304603154659e+09
2.475204120942899227e+09
2.553743937282644749e+09
2.632283753622389317e+09
2.710823569962133884e+09
2.789363386301878452e+09
2.867903202641623974e+09
2.946443018981368542e+09
3.024982835321113110e+09
3.103522651660857677e+09
3.182062468000603199e+09
3.260602284340347767e+09
3.339142100680092335e+09
3.417681917019837856e+09
3.496221733359582424e+09
3.574761549699326992e+09
3.653301366039071560e+09
3.731841182378817081e+09
3.810380998718561649e+09
3.888920815058306217e+09
3.967460631398050785e+09
4.046000447737796307e+09
4.124540264077540874e+09
4.203080080417285442e+09
4.281619896757030010e+09
4.360159713096775055e+09
4.438699529436519623e+09
4.517239345776266098e+09
4.595779162116010666e+09
4.674318978455755234e+09
4.752858794795499802e+09
4.831398611135244370e+09
4.909938427474988937e+09
4.988478243814733505e+09
5.067018060154479980e+09
5.145557876494224548e+09
5.224097692833969116e+09
5.302637509173713684e+09
5.381177325513458252e+09
5.459717141853202820e+09
5.538256958192947388e+09
5.616796774532691956e+09
5.695336590872438431e+09
5.773876407212182999e+09
5.852416223551927567e+09
5.930956039891672134e+09
6.009495856231416702e+09
6.088035672571161270e+09
6.166575488910905838e+09
6.245115305250652313e+09
