-6.235255314374659538e+09
-6.156715498034914970e+09
-6.078175681695169449e+09
-5.999635865355424881e+09
-5.921096049015680313e+09
-5.842556232675935745e+09
-5.764016416336191177e+09
-5.685476599996445656e+09
-5.606936783656701088e+09
-5.528396967316955566e+09
-5.449857150977210999e+09
-5.371317334637466431e+09
-5.292777518297721863e+09
-5.214237701957977295e+09
-5.135697885618231773e+09
-5.057158069278487206e+09
-4.978618252938741684e+09
-4.900078436598997116e+09
-4.821538620259252548e+09
-4.742998803919507980e+09
-4.664458987579763412e+09
-4.585919171240018845e+09
-4.507379354900273323e+09
-4.428839538560528755e+09
-4.350299722220783234e+09
-4.271759905881038666e+09
-4.193220089541294098e+09
-4.114680273201549053e+09
-4.036140456861804485e+09
-3.957600640522059441e+09
-3.879060824182314873e+09
-3.800521007842570305e+09
-3.721981191502825260e+09
-3.643441375163080215e+09
-3.564901558823335648e+09
-3.486361742483590603e+09
-3.407821926143845558e+09
-3.329282109804100990e+09
-3.250742293464356422e+09
-3.172202477124611378e+09
-3.093662660784866333e+09
-3.015122844445121765e+09
-2.936583028105377197e+09
-2.858043211765632153e+09
-2.779503395425887108e+09
-2.700963579086142540e+09
-2.622423762746397495e+09
-2.543883946406652927e+09
-2.465344130066907883e+09
-2.386804313727163315e+09
-2.308264497387418270e+09
-2.229724681047673702e+09
-2.151184864707928658e+09
-2.072645048368183851e+09
-1.994105232028439045e+09
-1.915565415688694239e+09
-1.837025599348949432e+09
-1.758485783009204626e+09
-1.679945966669459820e+09
-1.601406150329715014e+09
-1.522866333989970207e+09
-1.444326517650225401e+09
-1.365786701310480595e+09
-1.287246884970735550e+09
-1.208707068630990982e+09
-1.130167252291245937e+09
-1.051627435951501250e+09
-9.730876196117564440e+08
-8.945478032720115185e+08
-8.160079869322667122e+08
-7.374681705925219059e+08
-6.589283542527770996e+08
-5.803885379130322933e+08
-5.018487215732874870e+08
-4.233089052335426807e+08
-3.447690888937978745e+08
-2.662292725540530682e+08
-1.876894562143082619e+08
-1.091496398745634556e+08
-3.060982353481864929e+07
4.792999280492639542e+07
1.264698091446712017e+08
2.050096254844160080e+08
2.835494418241608143e+08
3.620892581639056206e+08
4.406290745036501884e+08
5.191688908433952332e+08
5.977087071831398010e+08
6.762485235228848457e+08
7.547883398626298904e+08
8.333281562023744583e+08
9.118679725421195030e+08
9.904077888818640709e+08
1.068947605221609116e+09
1.147487421561353683e+09
1.226027237901098728e+09
1.304567054240843296e+09
1.383106870580588341e+09
1.461646686920332909e+09
1.540186503260077953e+09
1.618726319599822521e+09
1.697266135939567566e+09
1.775805952279312134e+09
1.854345768619057178e+09
1.932885584958802223e+09
2.011425401298546791e+09
2.089965217638291836e+09
2.168505033978036404e+09
2.247044850317781448e+09
2.325584666657526016e+09
2.404124482997271061e+09
2.482664299337016106e+09
2.561204115676760674e+09
2.639743932016505241e+09
2.718283748356249809e+09
2.796823564695995331e+09
2.875363381035739899e+09
2.953903197375484467e+09
3.032443013715229034e+09
3.110982830054974556e+09
3.189522646394719124e+09
3.268062462734463692e+09
3.346602279074209213e+09
3.425142095413953781e+09
3.503681911753698349e+09
3.582221728093442917e+09
3.660761544433188438e+09
3.739301360772933006e+09
3.817841177112677574e+09
3.896380993452422142e+09
3.974920809792167664e+09
4.053460626131912231e+09
4.132000442471656799e+09
4.210540258811401367e+09
4.289080075151146889e+09
4.367619891490891457e+09
4.446159707830636024e+09
4.524699524170381546e+09
4.603239340510126114e+09
4.681779156849870682e+09
4.760318973189615250e+09
4.838858789529360771e+09
4.917398605869105339e+09
4.995938422208849907e+09
5.074478238548594475e+09
5.153018054888339996e+09
5.231557871228084564e+09
5.310097687567829132e+09
5.388637503907573700e+09
5.467177320247319221e+09
5.545717136587063789e+09
5.624256952926808357e+09
5.702796769266553879e+09
5.781336585606298447e+09
5.859876401946043015e+09
5.938416218285787582e+09
6.016956034625533104e+09
6.095495850965277672e+09
6.174035667305022240e+09
6.252575483644766808e+09
