-6.254356110340935707e+09
-6.175816294001190186e+09
-6.097276477661445618e+09
-6.018736661321701050e+09
-5.940196844981956482e+09
-5.861657028642210960e+09
-5.783117212302466393e+09
-5.704577395962721825e+09
-5.626037579622977257e+09
-5.547497763283231735e+09
-5.468957946943487167e+09
-5.390418130603742599e+09
-5.311878314263997078e+09
-5.233338497924252510e+09
-5.154798681584507942e+09
-5.076258865244763374e+09
-4.997719048905017853e+09
-4.919179232565273285e+09
-4.840639416225528717e+09
-4.762099599885783195e+09
-4.683559783546038628e+09
-4.605019967206294060e+09
-4.526480150866549492e+09
-4.447940334526803970e+09
-4.369400518187059402e+09
-4.290860701847314835e+09
-4.212320885507570267e+09
-4.133781069167824745e+09
-4.055241252828080177e+09
-3.976701436488335609e+09
-3.898161620148591042e+09
-3.819621803808845520e+09
-3.741081987469100952e+09
-3.662542171129356384e+09
-3.584002354789610863e+09
-3.505462538449866295e+09
-3.426922722110121727e+09
-3.348382905770377159e+09
-3.269843089430632114e+09
-3.191303273090887070e+09
-3.112763456751142502e+09
-3.034223640411397457e+09
-2.955683824071652412e+09
-2.877144007731907845e+09
-2.798604191392163277e+09
-2.720064375052418232e+09
-2.641524558712673187e+09
-2.562984742372928619e+09
-2.484444926033184052e+09
-2.405905109693439007e+09
-2.327365293353693962e+09
-2.248825477013949394e+09
-2.170285660674204350e+09
-2.091745844334459782e+09
-2.013206027994714737e+09
-1.934666211654970169e+09
-1.856126395315225124e+09
-1.777586578975480556e+09
-1.699046762635735512e+09
-1.620506946295990705e+09
-1.541967129956245899e+09
-1.463427313616501093e+09
-1.384887497276756287e+09
-1.306347680937011480e+09
-1.227807864597266674e+09
-1.149268048257521868e+09
-1.070728231917777061e+09
-9.921884155780322552e+08
-9.136485992382874489e+08
-8.351087828985425234e+08
-7.565689665587977171e+08
-6.780291502190529108e+08
-5.994893338793081045e+08
-5.209495175395632982e+08
-4.424097011998184919e+08
-3.638698848600735664e+08
-2.853300685203287601e+08
-2.067902521805839539e+08
-1.282504358408391476e+08
-4.971061950109434128e+07
2.882919683865046501e+07
1.073690131783952713e+08
1.859088295181400776e+08
2.644486458578848839e+08
3.429884621976296902e+08
4.215282785373744965e+08
5.000680948771193027e+08
5.786079112168643475e+08
6.571477275566091537e+08
7.356875438963539600e+08
8.142273602360987663e+08
8.927671765758435726e+08
9.713069929155881405e+08
1.049846809255333185e+09
1.128386625595077753e+09
1.206926441934822798e+09
1.285466258274567842e+09
1.364006074614312410e+09
1.442545890954057455e+09
1.521085707293802023e+09
1.599625523633547068e+09
1.678165339973291636e+09
1.756705156313036680e+09
1.835244972652781248e+09
1.913784788992526293e+09
1.992324605332270861e+09
2.070864421672015905e+09
2.149404238011760712e+09
2.227944054351505280e+09
2.306483870691249847e+09
2.385023687030995369e+09
2.463563503370739937e+09
2.542103319710484505e+09
2.620643136050230026e+09
2.699182952389974594e+09
2.777722768729719162e+09
2.856262585069463730e+09
2.934802401409209251e+09
3.013342217748953819e+09
3.091882034088698387e+09
3.170421850428442955e+09
3.248961666768187523e+09
3.327501483107933044e+09
3.406041299447677612e+09
3.484581115787422180e+09
3.563120932127166748e+09
3.641660748466912270e+09
3.720200564806656837e+09
3.798740381146401405e+09
3.877280197486146927e+09
3.955820013825891495e+09
4.034359830165636063e+09
4.112899646505380630e+09
4.191439462845126152e+09
4.269979279184870720e+09
4.348519095524615288e+09
4.427058911864359856e+09
4.505598728204105377e+09
4.584138544543849945e+09
4.662678360883594513e+09
4.741218177223339081e+09
4.819757993563084602e+09
4.898297809902829170e+09
4.976837626242573738e+09
5.055377442582319260e+09
5.133917258922063828e+09
5.212457075261808395e+09
5.290996891601552963e+09
5.369536707941298485e+09
5.448076524281043053e+09
5.526616340620787621e+09
5.605156156960532188e+09
5.683695973300277710e+09
5.762235789640022278e+09
5.840775605979766846e+09
5.919315422319511414e+09
5.997855238659256935e+09
6.076395054999001503e+09
6.154934871338746071e+09
6.233474687678491592e+09
