-5.823634066611481905e+08
-1.146913508127957582e+09
-1.509747345529513597e+09
-1.797477814616659164e+09
-2.042101597679064274e+09
-2.257674549386235714e+09
-2.451871285599618912e+09
-2.629432301058186054e+09
-2.793531572230213642e+09
-2.946419192637822151e+09
-3.089759936781602859e+09
-3.224827106936964035e+09
-3.352620805702436447e+09
-3.473943819137106895e+09
-3.589452332140879154e+09
-3.699690990528928757e+09
-3.805117843193414688e+09
-3.906122523715239048e+09
-4.003039786769643307e+09
-4.096159773879022121e+09
-4.185735926492157459e+09
-4.271991174383242607e+09
-4.355122838243269920e+09
-4.435306559062920570e+09
-4.512699480803439140e+09
-4.587442853019462585e+09
-4.659664177802268982e+09
-4.729478995044453621e+09
-4.796992377911217690e+09
-4.862300194085982323e+09
-4.925490176173076630e+09
-4.986642835439995766e+09
-5.045832246063201904e+09
-5.103126721636063576e+09
-5.158589401497224808e+09
-5.212278761146759987e+09
-5.264249058418715477e+09
-5.314550725011635780e+09
-5.363230711323140144e+09
-5.410332791200220108e+09
-5.455897832134656906e+09
-5.499964035550194740e+09
-5.542567151104093552e+09
-5.583740668328835487e+09
-5.623515988445235252e+09
-5.661922578766656876e+09
-5.698988111769912720e+09
-5.734738590619502068e+09
-5.769198462688291550e+09
-5.802390722411580086e+09
-5.834337004636401176e+09
-5.865057669478618622e+09
-5.894571879572672844e+09
-5.922897670489208221e+09
-5.950052015001441956e+09
-5.976050881799583435e+09
-6.000909289182022095e+09
-6.024641354190572739e+09
-6.047260337603632927e+09
-6.068778685154321671e+09
-6.089208065299745560e+09
-6.108559403831493378e+09
-6.126842915585766792e+09
-6.144068133483503342e+09
-6.160243935105985641e+09
-6.175378566989340782e+09
-6.189479666801661491e+09
-6.202554283548813820e+09
-6.214608895939219475e+09
-6.225649429023665428e+09
-6.235681269213263512e+09
-6.244709277767076492e+09
-6.252737802830206871e+09
-6.259770690093389511e+09
-6.265811292136179924e+09
-6.270862476507429123e+09
-6.274926632589034081e+09
-6.278005677281604767e+09
-6.280101059543835640e+09
-6.281213763810764313e+09
-6.281344312309795380e+09
-6.280492766287218094e+09
-6.278658726151961327e+09
-6.275841330537357330e+09
-6.272039254275779724e+09
-6.267250705275024414e+09
-6.261473420279203415e+09
-6.254704659490664482e+09
-6.246941200022949219e+09
-6.238179328147975922e+09
-6.228414830293494225e+09
-6.217642982739180565e+09
-6.205858539951604843e+09
-6.193055721489462852e+09
-6.179228197400960922e+09
-6.164369072024769783e+09
-6.148470866094638824e+09
-6.131525497035157204e+09
-6.113524257322329521e+09
-6.094457790767238617e+09
-6.074316066563961983e+09
-6.053088350923791885e+09
-6.030763176096385956e+09
-6.007328306554392815e+09
-5.982770702090947151e+09
-5.957076477548747063e+09
-5.930230858864603043e+09
-5.902218135073801041e+09
-5.873021605873483658e+09
-5.842623524292669296e+09
-5.811005033957383156e+09
-5.778146100371352196e+09
-5.744025435554225922e+09
-5.708620415288599968e+09
-5.671906988121747971e+09
-5.633859575145398140e+09
-5.594450959433756828e+09
-5.553652163852153778e+09
-5.511432315751396179e+09
-5.467758496829985619e+09
-5.422595576170406342e+09
-5.375906024127268791e+09
-5.327649704352893829e+09
-5.277783640775145531e+09
-5.226261755774834633e+09
-5.173034575122633934e+09
-5.118048894398370743e+09
-5.061247400591005325e+09
-5.002568241316121101e+09
-4.941944532525507927e+09
-4.879303793636085510e+09
-4.814567296561849594e+09
-4.747649312044108391e+09
-4.678456232741900444e+09
-4.606885547493971825e+09
-4.532824634621855736e+09
-4.456149333590530396e+09
-4.376722243047018051e+09
-4.294390678175935745e+09
-4.208984199937658787e+09
-4.120311600879716873e+09
-4.028157193539215088e+09
-3.932276192980107307e+09
-3.832388906986497402e+09
-3.728173333605456829e+09
-3.619255596240633011e+09
-3.505197388297852993e+09
-3.385479195836194038e+09
-3.259477417385784149e+09
-3.126432420180350780e+09
-2.985402705827183723e+09
-2.835196985830863476e+09
-2.674269540541339874e+09
-2.500551178634144306e+09
-2.311159408818150997e+09
-2.101861656595733404e+09
-1.865971604410068512e+09
-1.591709969799982071e+09
-1.254150797135363817e+09
-7.745390954939014912e+08
