-2.155293981001973152e+08
-1.013106643638929963e+09
-1.412083643352572918e+09
-1.717334665917233467e+09
-1.972855668364231348e+09
-2.196074592569964409e+09
-2.396036464364521980e+09
-2.578158423273514748e+09
-2.745992346479967594e+09
-2.902018275761813164e+09
-3.048050060823020458e+09
-3.185462488903221130e+09
-3.315327488745936871e+09
-3.438500318679351807e+09
-3.555676520717289448e+09
-3.667430925443728924e+09
-3.774245177558094978e+09
-3.876527663030234814e+09
-3.974628256661924362e+09
-4.068849447887056351e+09
-4.159454877142538071e+09
-4.246675984213713646e+09
-4.330717255756697655e+09
-4.411760417137220383e+09
-4.489967817437822342e+09
-4.565485189937055588e+09
-4.638443923552429199e+09
-4.708962947278833389e+09
-4.777150305385848045e+09
-4.843104483298897743e+09
-4.906915530814678192e+09
-4.968666019310349464e+09
-5.028431862006986618e+09
-5.086283020511479378e+09
-5.142284116337635994e+09
-5.196494962571595192e+09
-5.248971028061043739e+09
-5.299763844296752930e+09
-5.348921363387633324e+09
-5.396488274108708382e+09
-5.442506281850263596e+09
-5.487014357359110832e+09
-5.530048958395314217e+09
-5.571644227795939445e+09
-5.611832170914697647e+09
-5.650642814971864700e+09
-5.688104352486142159e+09
-5.724243270655874252e+09
-5.759084468300926208e+09
-5.792651361759959221e+09
-5.824965980954112053e+09
-5.856049056671615601e+09
-5.885920099994135857e+09
-5.914597474670958519e+09
-5.942098463148504257e+09
-5.968439326877520561e+09
-5.993635361446607590e+09
-6.017700947026767731e+09
-6.040649594555965424e+09
-6.062493988044035912e+09
-6.083246023335702896e+09
-6.102916843632055283e+09
-6.121516872037900925e+09
-6.139055841373343468e+09
-6.155542821462157249e+09
-6.170986244086682320e+09
-6.185393925778571129e+09
-6.198773088596523285e+09
-6.211130379025797844e+09
-6.222471885119647980e+09
-6.232803151989513397e+09
-6.242129195738822937e+09
-6.250454515924281120e+09
-6.257783106618516922e+09
-6.264118466138758659e+09
-6.269463605497662544e+09
-6.273821055624516487e+09
-6.277192873397625923e+09
-6.279580646521628380e+09
-6.280985497276895523e+09
-6.281408085161719322e+09
-6.280848608441855431e+09
-6.279306804615904808e+09
-6.276781949799104691e+09
-6.273272857022141457e+09
-6.268777873435640335e+09
-6.263294876404944420e+09
-6.256821268473570824e+09
-6.249353971167313576e+09
-6.240889417604252815e+09
-6.231423543868885994e+09
-6.220951779101074219e+09
-6.209469034242526054e+09
-6.196969689374916077e+09
-6.183447579574416161e+09
-6.168895979197299957e+09
-6.153307584500157356e+09
-6.136674494486109734e+09
-6.118988189854934692e+09
-6.100239509920133591e+09
-6.080418627339382172e+09
-6.059515020486331940e+09
-6.037517443271020889e+09
-6.014413892192893028e+09
-5.990191570384248734e+09
-5.964836848372367859e+09
-5.938335221255004883e+09
-5.910671261945913315e+09
-5.881828570103646278e+09
-5.851789716307340622e+09
-5.820536180986407280e+09
-5.788048287545806885e+09
-5.754305129053438187e+09
-5.719284487769261360e+09
-5.682962746695084572e+09
-5.645314792206791878e+09
-5.606313906694141388e+09
-5.565931649973261833e+09
-5.524137728049026489e+09
-5.480899847582866669e+09
-5.436183554159274101e+09
-5.389952052132584572e+09
-5.342166003463707924e+09
-5.292783302510805130e+09
-5.241758823201388359e+09
-5.189044134364311218e+09
-5.134587178211151123e+09
-5.078331905992231369e+09
-5.020217863667438507e+09
-4.960179718966971397e+09
-4.898146719394542694e+09
-4.834042068443179131e+09
-4.767782204415374756e+09
-4.699275962581905365e+09
-4.628423596729117393e+09
-4.555115630092866898e+09
-4.479231497787584305e+09
-4.400637932451058388e+09
-4.319187031002533913e+09
-4.234713921805400848e+09
-4.147033926167364120e+09
-4.055939073079423904e+09
-3.961193776979395390e+09
-3.862529418338043213e+09
-3.759637465337849617e+09
-3.652160624687232971e+09
-3.539681282369685650e+09
-3.421706142774303436e+09
-3.297645412827026844e+09
-3.166783952920930386e+09
-3.028240237285430431e+09
-2.880906152489208698e+09
-2.723355389714032173e+09
-2.553697690099084854e+09
-2.369333703944839001e+09
-2.166512290151888847e+09
-1.939451417439482689e+09
-1.678341768632211924e+09
-1.363764414611854315e+09
-9.436835588725578785e+08
