-6.912122212406028509e+08
-1.205112202246846914e+09
-1.553859549545825720e+09
-1.834210068101226330e+09
-2.074086941917261124e+09
-2.286265449557010651e+09
-2.477871216093198776e+09
-2.653364810150860786e+09
-2.815760441239498138e+09
-2.967209447216396809e+09
-3.109311811213190556e+09
-3.243296312326105118e+09
-3.370131302226221085e+09
-3.490596226068053722e+09
-3.605329669688297749e+09
-3.714862720926244736e+09
-3.819642789321927071e+09
-3.920051024567037106e+09
-4.016415320518758297e+09
-4.109020201104536057e+09
-4.198114456964122295e+09
-4.283917129095263958e+09
-4.366622257379163742e+09
-4.446402692381900787e+09
-4.523413187129999161e+09
-4.597792928643130302e+09
-4.669667628681788445e+09
-4.739151264154275894e+09
-4.806347536457406044e+09
-4.871351103378192902e+09
-4.934248625480511665e+09
-4.995119660050933838e+09
-5.054037428917302132e+09
-5.111069481240234375e+09
-5.166278268321621895e+09
-5.219721644292714119e+09
-5.271453304029359818e+09
-5.321523167639591217e+09
-5.369977719263497353e+09
-5.416860306630266190e+09
-5.462211406766064644e+09
-5.506068862388365746e+09
-5.548468092817940712e+09
-5.589442282658748627e+09
-5.629022551014231682e+09
-5.667238103607323647e+09
-5.704116369835851669e+09
-5.739683126513045311e+09
-5.773962609805024147e+09
-5.806977616675731659e+09
-5.838749596978630066e+09
-5.869298737188447952e+09
-5.898644036641331673e+09
-5.926803377044442177e+09
-5.953793585923609734e+09
-5.979630494597761154e+09
-6.004328991199636459e+09
-6.027903069202096939e+09
-6.050365871856868744e+09
-6.071729732906696320e+09
-6.092006213891673088e+09
-6.111206138335126877e+09
-6.129339623063299179e+09
-6.146416106885475159e+09
-6.162444376836783409e+09
-6.177432592164160728e+09
-6.191388306216577530e+09
-6.204318486383285522e+09
-6.216229532208252907e+09
-6.227127291794934273e+09
-6.237017076602823257e+09
-6.245903674725683212e+09
-6.253791362730850220e+09
-6.260683916129357338e+09
-6.266584618537700653e+09
-6.271496269583870888e+09
-6.275421191602533340e+09
-6.278361235157032967e+09
-6.280317783419050217e+09
-6.281291755430186272e+09
-6.281283608263484955e+09
-6.280293338096755028e+09
-6.278320480203607559e+09
-6.275364107862130165e+09
-6.271422830175232887e+09
-6.266494788790670395e+09
-6.260577653502651215e+09
-6.253668616710636139e+09
-6.245764386704395294e+09
-6.236861179737527847e+09
-6.226954710844432831e+09
-6.216040183347996712e+09
-6.204112276997004509e+09
-6.191165134663390160e+09
-6.177192347519769669e+09
-6.162186938607158661e+09
-6.146141344691251755e+09
-6.129047396292864799e+09
-6.110896295764160156e+09
-6.091678593266602516e+09
-6.071384160489240646e+09
-6.050002161926501274e+09
-6.027521023512874603e+09
-6.003928398387398720e+09
-5.979211129533250809e+09
-5.953355209006477356e+09
-5.926345733432487488e+09
-5.898166855408635139e+09
-5.868801730405207634e+09
-5.838232458704601288e+09
-5.806440021858095169e+09
-5.773404213070267677e+09
-5.739103560841034889e+09
-5.703515245102586746e+09
-5.666615004980982780e+09
-5.628377037186853409e+09
-5.588773883893277168e+09
-5.547776308787283897e+09
-5.505353159779490471e+09
-5.461471216617846489e+09
-5.416095021368721962e+09
-5.369186689391935349e+09
-5.320705698033921242e+09
-5.270608649780059814e+09
-5.218849006024295807e+09
-5.165376786907592773e+09
-5.110138231815795898e+09
-5.053075414072678566e+09
-4.994125802064332008e+09
-4.933221757420022011e+09
-4.870289958864719391e+09
-4.805250737833913803e+09
-4.738017308747074127e+09
-4.668494872763489723e+09
-4.596579568608572006e+09
-4.522157237268423080e+09
-4.445101958460258484e+09
-4.365274305027566910e+09
-4.282519245684627533e+09
-4.196663605256346703e+09
-4.107512962390476704e+09
-4.014847824168063641e+09
-3.918418859788589954e+09
-3.817940893304325581e+09
-3.713085235122212887e+09
-3.603469752377335072e+09
-3.488645803719948769e+09
-3.368080733270192623e+09
-3.241133922308299541e+09
-3.107023233474112511e+09
-2.964776659186475277e+09
-2.813160304508888245e+09
-2.650566760783586025e+09
-2.474833409014775753e+09
-2.282927866989939213e+09
-2.070357912024247646e+09
-1.829936369489994049e+09
-1.548746378004376888e+09
-1.198426704008121490e+09
-6.793384877043968439e+08
