-6.215157894209552765e+09
-6.136618077869808197e+09
-6.058078261530063629e+09
-5.979538445190318108e+09
-5.900998628850573540e+09
-5.822458812510828972e+09
-5.743918996171083450e+09
-5.665379179831338882e+09
-5.586839363491594315e+09
-5.508299547151849747e+09
-5.429759730812104225e+09
-5.351219914472359657e+09
-5.272680098132615089e+09
-5.194140281792870522e+09
-5.115600465453125954e+09
-5.037060649113380432e+09
-4.958520832773635864e+09
-4.879981016433891296e+09
-4.801441200094146729e+09
-4.722901383754401207e+09
-4.644361567414656639e+09
-4.565821751074912071e+09
-4.487281934735166550e+09
-4.408742118395421982e+09
-4.330202302055677414e+09
-4.251662485715932369e+09
-4.173122669376187325e+09
-4.094582853036442757e+09
-4.016043036696697712e+09
-3.937503220356953144e+09
-3.858963404017208099e+09
-3.780423587677463531e+09
-3.701883771337718487e+09
-3.623343954997973919e+09
-3.544804138658228874e+09
-3.466264322318484306e+09
-3.387724505978739262e+09
-3.309184689638994217e+09
-3.230644873299249649e+09
-3.152105056959504604e+09
-3.073565240619760036e+09
-2.995025424280015469e+09
-2.916485607940270424e+09
-2.837945791600525856e+09
-2.759405975260780811e+09
-2.680866158921035767e+09
-2.602326342581291199e+09
-2.523786526241546154e+09
-2.445246709901801586e+09
-2.366706893562056541e+09
-2.288167077222311974e+09
-2.209627260882566929e+09
-2.131087444542822361e+09
-2.052547628203077316e+09
-1.974007811863332748e+09
-1.895467995523587704e+09
-1.816928179183843136e+09
-1.738388362844098091e+09
-1.659848546504353285e+09
-1.581308730164608479e+09
-1.502768913824863672e+09
-1.424229097485118866e+09
-1.345689281145374060e+09
-1.267149464805629253e+09
-1.188609648465884447e+09
-1.110069832126139641e+09
-1.031530015786394715e+09
-9.529901994466499090e+08
-8.744503831069051027e+08
-7.959105667671602964e+08
-7.173707504274154902e+08
-6.388309340876705647e+08
-5.602911177479257584e+08
-4.817513014081810117e+08
-4.032114850684361458e+08
-3.246716687286913395e+08
-2.461318523889465332e+08
-1.675920360492017269e+08
-8.905221970945692062e+07
-1.051240336971211433e+07
6.802741297003281116e+07
1.465672293097776175e+08
2.251070456495224237e+08
3.036468619892672300e+08
3.821866783290120363e+08
4.607264946687568426e+08
5.392663110085016489e+08
6.178061273482464552e+08
6.963459436879912615e+08
7.748857600277360678e+08
8.534255763674808741e+08
9.319653927072256804e+08
1.010505209046970725e+09
1.089045025386715412e+09
1.167584841726460457e+09
1.246124658066205025e+09
1.324664474405950069e+09
1.403204290745694637e+09
1.481744107085439682e+09
1.560283923425184250e+09
1.638823739764929295e+09
1.717363556104674339e+09
1.795903372444418907e+09
1.874443188784163952e+09
1.952983005123908520e+09
2.031522821463653564e+09
2.110062637803398132e+09
2.188602454143143177e+09
2.267142270482887745e+09
2.345682086822632790e+09
2.424221903162377357e+09
2.502761719502122402e+09
2.581301535841866970e+09
2.659841352181612015e+09
2.738381168521356583e+09
2.816920984861101627e+09
2.895460801200846672e+09
2.974000617540591240e+09
3.052540433880336285e+09
3.131080250220080853e+09
3.209620066559825897e+09
3.288159882899570465e+09
3.366699699239315510e+09
3.445239515579060555e+09
3.523779331918805122e+09
3.602319148258549690e+09
3.680858964598294258e+09
3.759398780938039780e+09
3.837938597277784348e+09
3.916478413617528915e+09
3.995018229957273483e+09
4.073558046297019005e+09
4.152097862636763573e+09
4.230637678976508141e+09
4.309177495316253662e+09
4.387717311655998230e+09
4.466257127995742798e+09
4.544796944335487366e+09
4.623336760675232887e+09
4.701876577014977455e+09
4.780416393354722023e+09
4.858956209694466591e+09
4.937496026034212112e+09
5.016035842373956680e+09
5.094575658713701248e+09
5.173115475053445816e+09
5.251655291393191338e+09
5.330195107732935905e+09
5.408734924072680473e+09
5.487274740412425995e+09
5.565814556752170563e+09
5.644354373091915131e+09
5.722894189431659698e+09
5.801434005771405220e+09
5.879973822111149788e+09
5.958513638450894356e+09
6.037053454790638924e+09
6.115593271130384445e+09
6.194133087470129013e+09
6.272672903809873581e+09
