-6.213139241060900688e+09
-6.134599424721155167e+09
-6.056059608381410599e+09
-5.977519792041666031e+09
-5.898979975701921463e+09
-5.820440159362175941e+09
-5.741900343022431374e+09
-5.663360526682686806e+09
-5.584820710342942238e+09
-5.506280894003196716e+09
-5.427741077663452148e+09
-5.349201261323707581e+09
-5.270661444983963013e+09
-5.192121628644217491e+09
-5.113581812304472923e+09
-5.035041995964728355e+09
-4.956502179624982834e+09
-4.877962363285238266e+09
-4.799422546945493698e+09
-4.720882730605749130e+09
-4.642342914266003609e+09
-4.563803097926259041e+09
-4.485263281586514473e+09
-4.406723465246769905e+09
-4.328183648907024384e+09
-4.249643832567279816e+09
-4.171104016227535248e+09
-4.092564199887790680e+09
-4.014024383548045158e+09
-3.935484567208300591e+09
-3.856944750868556023e+09
-3.778404934528810501e+09
-3.699865118189065933e+09
-3.621325301849321365e+09
-3.542785485509576797e+09
-3.464245669169831276e+09
-3.385705852830086708e+09
-3.307166036490342140e+09
-3.228626220150597572e+09
-3.150086403810852528e+09
-3.071546587471107483e+09
-2.993006771131362915e+09
-2.914466954791617870e+09
-2.835927138451873302e+09
-2.757387322112128258e+09
-2.678847505772383690e+09
-2.600307689432638645e+09
-2.521767873092893600e+09
-2.443228056753149033e+09
-2.364688240413403988e+09
-2.286148424073659420e+09
-2.207608607733914375e+09
-2.129068791394169807e+09
-2.050528975054424763e+09
-1.971989158714680195e+09
-1.893449342374935150e+09
-1.814909526035190582e+09
-1.736369709695445538e+09
-1.657829893355700970e+09
-1.579290077015955925e+09
-1.500750260676211357e+09
-1.422210444336466312e+09
-1.343670627996721268e+09
-1.265130811656976700e+09
-1.186590995317231655e+09
-1.108051178977487087e+09
-1.029511362637742281e+09
-9.509715462979974747e+08
-8.724317299582526684e+08
-7.938919136185078621e+08
-7.153520972787628174e+08
-6.368122809390180111e+08
-5.582724645992732048e+08
-4.797326482595283985e+08
-4.011928319197835922e+08
-3.226530155800387859e+08
-2.441131992402939796e+08
-1.655733829005491734e+08
-8.703356656080436707e+07
-8.493750221059560776e+06
7.004606611868524551e+07
1.485858824584300518e+08
2.271256987981749773e+08
3.056655151379197836e+08
3.842053314776645899e+08
4.627451478174093962e+08
5.412849641571542025e+08
6.198247804968990088e+08
6.983645968366439342e+08
7.769044131763887405e+08
8.554442295161335468e+08
9.339840458558783531e+08
1.012523862195623159e+09
1.091063678535367966e+09
1.169603494875112772e+09
1.248143311214857578e+09
1.326683127554602385e+09
1.405222943894347191e+09
1.483762760234091997e+09
1.562302576573836803e+09
1.640842392913581848e+09
1.719382209253326416e+09
1.797922025593071461e+09
1.876461841932816029e+09
1.955001658272561073e+09
2.033541474612305880e+09
2.112081290952050686e+09
2.190621107291795731e+09
2.269160923631540298e+09
2.347700739971284866e+09
2.426240556311029911e+09
2.504780372650774956e+09
2.583320188990519524e+09
2.661860005330264091e+09
2.740399821670009136e+09
2.818939638009754181e+09
2.897479454349498749e+09
2.976019270689243793e+09
3.054559087028988838e+09
3.133098903368733406e+09
3.211638719708477974e+09
3.290178536048223019e+09
3.368718352387967587e+09
3.447258168727712631e+09
3.525797985067457199e+09
3.604337801407202244e+09
3.682877617746947289e+09
3.761417434086691856e+09
3.839957250426436901e+09
3.918497066766181469e+09
3.997036883105926514e+09
4.075576699445671082e+09
4.154116515785416126e+09
4.232656332125160694e+09
4.311196148464905739e+09
4.389735964804650307e+09
4.468275781144395828e+09
4.546815597484140396e+09
4.625355413823884964e+09
4.703895230163629532e+09
4.782435046503374100e+09
4.860974862843119621e+09
4.939514679182864189e+09
5.018054495522609711e+09
5.096594311862354279e+09
5.175134128202098846e+09
5.253673944541843414e+09
5.332213760881587982e+09
5.410753577221333504e+09
5.489293393561078072e+09
5.567833209900822639e+09
5.646373026240567207e+09
5.724912842580312729e+09
5.803452658920057297e+09
5.881992475259801865e+09
5.960532291599546432e+09
6.039072107939291954e+09
6.117611924279036522e+09
6.196151740618781090e+09
6.274691556958526611e+09
