-9.235898784450572729e+08
-1.350113843565736771e+09
-1.667411020746885777e+09
-1.930122956738024473e+09
-2.158275408432559967e+09
-2.361904706727386951e+09
-2.546899672773912907e+09
-2.717069199926527023e+09
-2.875046977999060154e+09
-3.022745144518858433e+09
-3.161604701132284641e+09
-3.292744046874860287e+09
-3.417052154231266499e+09
-3.535249706278453827e+09
-3.647930720455896854e+09
-3.755591776437969208e+09
-3.858653085695806980e+09
-3.957474027046756268e+09
-4.052364829114995480e+09
-4.143595508280867577e+09
-4.231402812158304214e+09
-4.315995687640994072e+09
-4.397559639985425949e+09
-4.476260246368666649e+09
-4.552246016386949539e+09
-4.625650742187509537e+09
-4.696595445446361542e+09
-4.765190002735859871e+09
-4.831534512001203537e+09
-4.895720448886177063e+09
-4.957831651147955894e+09
-5.017945161428661346e+09
-5.076131952538743019e+09
-5.132457554677184105e+09
-5.186982600321660042e+09
-5.239763299617173195e+09
-5.290851856789138794e+09
-5.340296836268723488e+09
-5.388143485740987778e+09
-5.434434022131742477e+09
-5.479207885577218056e+09
-5.522501965625616074e+09
-5.564350803265790939e+09
-5.604786771837903023e+09
-5.643840239432038307e+09
-5.681539715006316185e+09
-5.717911980142268181e+09
-5.752982208091167450e+09
-5.786774071542037010e+09
-5.819309840352851868e+09
-5.850610470325510979e+09
-5.880695683967679977e+09
-5.909584044066752434e+09
-5.937293020799901962e+09
-5.963839053016835213e+09
-5.989237604256230354e+09
-6.013503213991300583e+09
-6.036649544542828560e+09
-6.058689424048174858e+09
-6.079634885831212997e+09
-6.099497204479829788e+09
-6.118286928903976440e+09
-6.136013912617528915e+09
-6.152687341460894585e+09
-6.168315758957953453e+09
-6.182907089480124474e+09
-6.196468659371784210e+09
-6.209007216174625397e+09
-6.220528946073558807e+09
-6.231039489673301697e+09
-6.240543956202524185e+09
-6.249046936231333733e+09
-6.256552512977672577e+09
-6.263064272268877029e+09
-6.268585311216012955e+09
-6.273118245650569916e+09
-6.276665216365586281e+09
-6.279227894196216583e+09
-6.280807483968019485e+09
-6.281404727334815025e+09
-6.281019904521739006e+09
-6.279652834983079910e+09
-6.277302876978488922e+09
-6.273968926065258026e+09
-6.269649412498367310e+09
-6.264342297524012566e+09
-6.258045068546115875e+09
-6.250754733138946533e+09
-6.242467811872333527e+09
-6.233180329908964157e+09
-6.222887807325834274e+09
-6.211585248104034424e+09
-6.199267127722553253e+09
-6.185927379282579422e+09
-6.171559378078841209e+09
-6.156155924523564339e+09
-6.139709225316693306e+09
-6.122210872742776871e+09
-6.103651821960315704e+09
-6.084022366133093834e+09
-6.063312109234903336e+09
-6.041509936338773727e+09
-6.018603981179047585e+09
-5.994581590749022484e+09
-5.969429286667906761e+09
-5.943132723018104553e+09
-5.915676640316582680e+09
-5.887044815241739273e+09
-5.857220005688759804e+09
-5.826183890671084404e+09
-5.793917004521943092e+09
-5.760398664776633263e+09
-5.725606893031599045e+09
-5.689518327978225708e+09
-5.652108129695322990e+09
-5.613349874151299477e+09
-5.573215436711513519e+09
-5.531674863263678551e+09
-5.488696227359062195e+09
-5.444245471512706757e+09
-5.398286230503739357e+09
-5.350779634156554222e+09
-5.301684086652228355e+09
-5.250955018900565147e+09
-5.198544609876040459e+09
-5.144401472059123039e+09
-5.088470295194376945e+09
-5.030691441434831619e+09
-4.971000483531903267e+09
-4.909327675977822304e+09
-4.845597346815750122e+09
-4.779727195072173119e+09
-4.711627475263278008e+09
-4.641200045946927071e+09
-4.568337253513398170e+09
-4.492920614887109756e+09
-4.414819252927056313e+09
-4.333888025186150551e+09
-4.249965269056566715e+09
-4.162870062351313591e+09
-4.072398865331494808e+09
-3.978321363990633011e+09
-3.880375268774140835e+09
-3.778259728015307426e+09
-3.671626875469411373e+09
-3.560070820572939396e+09
-3.443113064774249554e+09
-3.320182811328618526e+09
-3.190589791709915638e+09
-3.053485800160806179e+09
-2.907808597398129940e+09
-2.752197147902001858e+09
-2.584857914322561264e+09
-2.403342407575478077e+09
-2.204151086782402992e+09
-1.981961728484189749e+09
-1.727925220455634356e+09
-1.425111166294026852e+09
-1.031417034765195608e+09
-2.904537095827170610e+08
