-6.206808522949645042e+09
-6.128268706609900475e+09
-6.049728890270154953e+09
-5.971189073930410385e+09
-5.892649257590665817e+09
-5.814109441250921249e+09
-5.735569624911175728e+09
-5.657029808571431160e+09
-5.578489992231686592e+09
-5.499950175891941071e+09
-5.421410359552196503e+09
-5.342870543212451935e+09
-5.264330726872707367e+09
-5.185790910532961845e+09
-5.107251094193217278e+09
-5.028711277853472710e+09
-4.950171461513728142e+09
-4.871631645173982620e+09
-4.793091828834238052e+09
-4.714552012494493484e+09
-4.636012196154748917e+09
-4.557472379815003395e+09
-4.478932563475258827e+09
-4.400392747135514259e+09
-4.321852930795768738e+09
-4.243313114456023693e+09
-4.164773298116279125e+09
-4.086233481776534557e+09
-4.007693665436789036e+09
-3.929153849097044468e+09
-3.850614032757299900e+09
-3.772074216417555332e+09
-3.693534400077810287e+09
-3.614994583738065243e+09
-3.536454767398320675e+09
-3.457914951058575630e+09
-3.379375134718831062e+09
-3.300835318379086018e+09
-3.222295502039341450e+09
-3.143755685699596405e+09
-3.065215869359851360e+09
-2.986676053020106792e+09
-2.908136236680361748e+09
-2.829596420340617180e+09
-2.751056604000872135e+09
-2.672516787661127567e+09
-2.593976971321382523e+09
-2.515437154981637955e+09
-2.436897338641892910e+09
-2.358357522302148342e+09
-2.279817705962403297e+09
-2.201277889622658730e+09
-2.122738073282913685e+09
-2.044198256943169117e+09
-1.965658440603424072e+09
-1.887118624263679028e+09
-1.808578807923934460e+09
-1.730038991584189415e+09
-1.651499175244444847e+09
-1.572959358904700279e+09
-1.494419542564955235e+09
-1.415879726225210667e+09
-1.337339909885465622e+09
-1.258800093545720577e+09
-1.180260277205976009e+09
-1.101720460866230965e+09
-1.023180644526486278e+09
-9.446408281867414713e+08
-8.661010118469966650e+08
-7.875611955072518587e+08
-7.090213791675070524e+08
-6.304815628277622461e+08
-5.519417464880174398e+08
-4.734019301482726336e+08
-3.948621138085278273e+08
-3.163222974687829018e+08
-2.377824811290380955e+08
-1.592426647892932892e+08
-8.070284844954848289e+07
-2.163032109803676605e+06
7.637678422994112968e+07
1.549166005696859956e+08
2.334564169094308019e+08
3.119962332491756082e+08
3.905360495889204741e+08
4.690758659286652803e+08
5.476156822684100866e+08
6.261554986081548929e+08
7.046953149478996992e+08
7.832351312876446247e+08
8.617749476273894310e+08
9.403147639671342373e+08
1.018854580306879044e+09
1.097394396646623850e+09
1.175934212986368656e+09
1.254474029326113462e+09
1.333013845665858269e+09
1.411553662005603075e+09
1.490093478345347881e+09
1.568633294685092926e+09
1.647173111024837494e+09
1.725712927364582539e+09
1.804252743704327106e+09
1.882792560044072151e+09
1.961332376383816719e+09
2.039872192723561764e+09
2.118412009063306332e+09
2.196951825403051376e+09
2.275491641742795944e+09
2.354031458082540989e+09
2.432571274422286034e+09
2.511111090762030602e+09
2.589650907101775646e+09
2.668190723441520214e+09
2.746730539781265259e+09
2.825270356121009827e+09
2.903810172460754871e+09
2.982349988800499439e+09
3.060889805140244484e+09
3.139429621479989529e+09
3.217969437819734097e+09
3.296509254159479141e+09
3.375049070499223709e+09
3.453588886838968754e+09
3.532128703178713322e+09
3.610668519518458366e+09
3.689208335858202934e+09
3.767748152197947979e+09
3.846287968537692547e+09
3.924827784877437592e+09
4.003367601217182159e+09
4.081907417556927204e+09
4.160447233896671772e+09
4.238987050236416817e+09
4.317526866576161385e+09
4.396066682915905952e+09
4.474606499255651474e+09
4.553146315595396042e+09
4.631686131935140610e+09
4.710225948274885178e+09
4.788765764614630699e+09
4.867305580954375267e+09
4.945845397294119835e+09
5.024385213633864403e+09
5.102925029973608971e+09
5.181464846313354492e+09
5.260004662653099060e+09
5.338544478992843628e+09
5.417084295332588196e+09
5.495624111672333717e+09
5.574163928012078285e+09
5.652703744351822853e+09
5.731243560691568375e+09
5.809783377031312943e+09
5.888323193371057510e+09
5.966863009710802078e+09
6.045402826050547600e+09
6.123942642390292168e+09
6.202482458730036736e+09
6.281022275069781303e+09
