-9.652178260976245403e+08
-1.378564525861156702e+09
-1.690236032809506178e+09
-1.949620100365983009e+09
-2.175500452629957676e+09
-2.377445876888447285e+09
-2.561124473775777340e+09
-2.730225492026483536e+09
-2.887311361621377945e+09
-3.034248762887311935e+09
-3.172448140745109558e+09
-3.303006486649648666e+09
-3.426797264280577183e+09
-3.544529605548624992e+09
-3.656788721438410282e+09
-3.764064342750568867e+09
-3.866771262176238537e+09
-3.965264506450536251e+09
-4.059850762372853279e+09
-4.150797129933128357e+09
-4.238337930071338654e+09
-4.322680071390935898e+09
-4.404007332443705559e+09
-4.482483816293611526e+09
-4.558256765140485764e+09
-4.631458874378838539e+09
-4.702210210919395447e+09
-4.770619815577992439e+09
-4.836787050966252327e+09
-4.900802742663987160e+09
-4.962750151187296867e+09
-5.022705804465842247e+09
-5.080740214557209015e+09
-5.136918497691143036e+09
-5.191300913116352081e+09
-5.243943333372562408e+09
-5.294897656350031853e+09
-5.344212167693028450e+09
-5.391931860651988029e+09
-5.438098719314355850e+09
-5.482751970188101768e+09
-5.525928306329463005e+09
-5.567662087562746048e+09
-5.607985519807673454e+09
-5.646928816087570190e+09
-5.684520341422521591e+09
-5.720786743502271652e+09
-5.755753070773177147e+09
-5.789442879353507996e+09
-5.821878330004659653e+09
-5.853080276226980209e+09
-5.883068344413091660e+09
-5.911861006875256538e+09
-5.939475648463212013e+09
-5.965928627402568817e+09
-5.991235330909154892e+09
-6.015410226069824219e+09
-6.038466906423793793e+09
-6.060418134629317284e+09
-6.081275881557347298e+09
-6.101051362115953445e+09
-6.119755068075960159e+09
-6.137396798138809204e+09
-6.153985685461598396e+09
-6.169530222831123352e+09
-6.184038285658141136e+09
-6.197517152944664955e+09
-6.209973526360610962e+09
-6.221413547551279068e+09
-6.231842813783749580e+09
-6.241266392028174400e+09
-6.249688831558835983e+09
-6.257114175149813652e+09
-6.263545968930767059e+09
-6.268987270959771156e+09
-6.273440658562177658e+09
-6.276908234476993561e+09
-6.279391631845220566e+09
-6.280892018067904472e+09
-6.281410097555251122e+09
-6.280946113381937981e+09
-6.279499847857702255e+09
-6.277070622016354561e+09
-6.273657294020395279e+09
-6.269258256472488403e+09
-6.263871432618988037e+09
-6.257494271424519539e+09
-6.250123741490222931e+09
-6.241756323781588554e+09
-6.232388003124790192e+09
-6.222014258422973633e+09
-6.210630051536028862e+09
-6.198229814758781433e+09
-6.184807436823362350e+09
-6.170356247341404915e+09
-6.154868999590753555e+09
-6.138337851539299011e+09
-6.120754344985227585e+09
-6.102109382678226471e+09
-6.082393203269776344e+09
-6.061595353922409058e+09
-6.039704660387272835e+09
-6.016709194336418152e+09
-5.992596237710302353e+09
-5.967352243811788559e+09
-5.940962794844800949e+09
-5.913412555558197975e+09
-5.884685222612606049e+09
-5.854763469239013672e+09
-5.823628884701940536e+09
-5.791261908015602112e+09
-5.757641755287393570e+09
-5.722746339977330208e+09
-5.686552185262841225e+09
-5.649034327582892418e+09
-5.610166210300800323e+09
-5.569919566267579079e+09
-5.528264287882647514e+09
-5.485168283030657768e+09
-5.440597315015234947e+09
-5.394514824303954124e+09
-5.346881729533382416e+09
-5.297656204785216331e+09
-5.246793429617688179e+09
-5.194245307699477196e+09
-5.139960149119383812e+09
-5.083882310499656677e+09
-5.025951785879558563e+09
-4.966103739901047707e+09
-4.904267973044605255e+09
-4.840368306430985451e+09
-4.774321870891269684e+09
-4.706038281435725212e+09
-4.635418673680397987e+09
-4.562354572889968872e+09
-4.486726558609708786e+09
-4.408402677750305176e+09
-4.327236545551565170e+09
-4.243065055784164429e+09
-4.155705596956422329e+09
-4.064952637366372585e+09
-3.970573494344030857e+09
-3.872303035461138248e+09
-3.769836961646267414e+09
-3.662823177665804386e+09
-3.550850537377757072e+09
-3.433433913918343544e+09
-3.309994008784911156e+09
-3.179829434047998428e+09
-3.042077105463082790e+09
-2.895654329512750149e+09
-2.739171018933987141e+09
-2.570790683896378517e+09
-2.387998032735288620e+09
-2.187182539886748791e+09
-1.962820245392309189e+09
-1.705644207669650316e+09
-1.397656612008395672e+09
-9.926373162052570581e+08
-6.983317588514387608e+07
