-6.746576117600197792e+08
-1.195812856349433899e+09
-1.546750424669121742e+09
-1.828269225118730068e+09
-2.068903776717762709e+09
-2.281626680597956181e+09
-2.473649283228020191e+09
-2.649476219502864838e+09
-2.812146990024974346e+09
-2.963828629290246487e+09
-3.106131450630044937e+09
-3.240291349228391647e+09
-3.367281761551034451e+09
-3.487885876854740143e+09
-3.602745107935049057e+09
-3.712392723033990860e+09
-3.817277844461962223e+09
-3.917782988898599148e+09
-4.014237156532354355e+09
-4.106925777776525021e+09
-4.196098394216263771e+09
-4.281974675102824688e+09
-4.364749190617739677e+09
-4.444595242569689751e+09
-4.521667970787622452e+09
-4.596106896093567848e+09
-4.668038020098986626e+09
-4.737575572838826180e+09
-4.804823477936231613e+09
-4.869876589236524582e+09
-4.932821741068629265e+09
-4.993738645386176109e+09
-5.052700662238562584e+09
-5.109775464778007507e+09
-5.165025615929434776e+09
-5.218509070650907516e+09
-5.270279615183904648e+09
-5.320387252679906845e+09
-5.368878542976487160e+09
-5.415796902994649887e+09
-5.461182873173009872e+09
-5.505074354492280960e+09
-5.547506819936108589e+09
-5.588513503650618553e+09
-5.628125570581348419e+09
-5.666372268963325500e+09
-5.703281067703061104e+09
-5.738877780408151627e+09
-5.773186677581391335e+09
-5.806230588294161797e+09
-5.838030992482046127e+09
-5.868608104859080315e+09
-5.897980951321656227e+09
-5.926167438605422974e+09
-5.953184417865774155e+09
-5.979047742772355080e+09
-6.003772322638589859e+09
-6.027372171046829224e+09
-6.049860450377100945e+09
-6.071249512601413727e+09
-6.091550936665262222e+09
-6.110775562742473602e+09
-6.128933523618313789e+09
-6.146034273428096771e+09
-6.162086613954068184e+09
-6.177098718661507607e+09
-6.191078154635587692e+09
-6.204031902563121796e+09
-6.215966374887706757e+09
-6.226887432252720833e+09
-6.236800398333891869e+09
-6.245710073151597977e+09
-6.253620744942526817e+09
-6.260536200660638809e+09
-6.266459735168478966e+09
-6.271394159171619415e+09
-6.275341805941302299e+09
-6.278304536863119125e+09
-6.280283745842700958e+09
-6.281280362592860222e+09
-6.281294854820300102e+09
-6.280327229323954582e+09
-6.278377032010937691e+09
-6.275443346830220222e+09
-6.271524793618177414e+09
-6.266619524844157219e+09
-6.260725221238121033e+09
-6.253839086276116371e+09
-6.245957839492777824e+09
-6.237077708583269119e+09
-6.227194420249779701e+09
-6.216303189740048409e+09
-6.204398709017116547e+09
-6.191475133490632057e+09
-6.177526067230398178e+09
-6.162544546572296143e+09
-6.146523022015247345e+09
-6.129453338295152664e+09
-6.111326712507716179e+09
-6.092133710136522293e+09
-6.071864218825371742e+09
-6.050507419714527130e+09
-6.028051756138783455e+09
-6.004484899460888863e+09
-5.979793711786256790e+09
-5.953964205273802757e+09
-5.926981497722393990e+09
-5.898829764072202682e+09
-5.869492183414445877e+09
-5.838950881050558090e+09
-5.807186865081708908e+09
-5.774179956940431595e+09
-5.739908715196289062e+09
-5.704350351875195503e+09
-5.667480640424779892e+09
-5.629273814333363533e+09
-5.589702455264284134e+09
-5.548737369396255493e+09
-5.506347450459335327e+09
-5.462499527718442917e+09
-5.417158196874725342e+09
-5.370285631519844055e+09
-5.321841372377476692e+09
-5.271782091085265160e+09
-5.220061324690037727e+09
-5.166629176325772285e+09
-5.111431976686706543e+09
-5.054411899858247757e+09
-4.995506525774998665e+09
-4.934648339972278595e+09
-4.871764159297981262e+09
-4.806774469740411758e+09
-4.739592659351086617e+09
-4.670124125191944122e+09
-4.598265228031498909e+09
-4.523902061765481949e+09
-4.446908995703309059e+09
-4.367146936180036545e+09
-4.284461238336157322e+09
-4.198679177779835224e+09
-4.109606862893036366e+09
-4.017025428305347919e+09
-3.920686293273746967e+09
-3.820305187203783989e+09
-3.715554525368492603e+09
-3.606053539965131760e+09
-3.491355299837368488e+09
-3.370929325988389969e+09
-3.244137821735264778e+09
-3.110202386745365620e+09
-2.968156087728295803e+09
-2.816772129622692108e+09
-2.654453407731692791e+09
-2.479052954641406059e+09
-2.287563595730797768e+09
-2.075537003189290762e+09
-1.835871317168438435e+09
-1.555845792260345221e+09
-1.207705162647449970e+09
-6.957804143370378017e+08
