-6.220984934949958801e+09
-6.142445118610214233e+09
-6.063905302270468712e+09
-5.985365485930724144e+09
-5.906825669590979576e+09
-5.828285853251234055e+09
-5.749746036911489487e+09
-5.671206220571744919e+09
-5.592666404232000351e+09
-5.514126587892254829e+09
-5.435586771552510262e+09
-5.357046955212765694e+09
-5.278507138873021126e+09
-5.199967322533275604e+09
-5.121427506193531036e+09
-5.042887689853786469e+09
-4.964347873514041901e+09
-4.885808057174296379e+09
-4.807268240834551811e+09
-4.728728424494807243e+09
-4.650188608155061722e+09
-4.571648791815317154e+09
-4.493108975475572586e+09
-4.414569159135828018e+09
-4.336029342796082497e+09
-4.257489526456337929e+09
-4.178949710116593361e+09
-4.100409893776848793e+09
-4.021870077437103748e+09
-3.943330261097358704e+09
-3.864790444757614136e+09
-3.786250628417869091e+09
-3.707710812078124523e+09
-3.629170995738379478e+09
-3.550631179398634911e+09
-3.472091363058889866e+09
-3.393551546719144821e+09
-3.315011730379400253e+09
-3.236471914039655209e+09
-3.157932097699910641e+09
-3.079392281360165596e+09
-3.000852465020421028e+09
-2.922312648680675983e+09
-2.843772832340931416e+09
-2.765233016001186371e+09
-2.686693199661441803e+09
-2.608153383321696758e+09
-2.529613566981952190e+09
-2.451073750642207146e+09
-2.372533934302462578e+09
-2.293994117962717533e+09
-2.215454301622972488e+09
-2.136914485283227921e+09
-2.058374668943482876e+09
-1.979834852603738308e+09
-1.901295036263993502e+09
-1.822755219924248695e+09
-1.744215403584503889e+09
-1.665675587244759083e+09
-1.587135770905014038e+09
-1.508595954565269232e+09
-1.430056138225524426e+09
-1.351516321885779619e+09
-1.272976505546034813e+09
-1.194436689206290007e+09
-1.115896872866545200e+09
-1.037357056526800394e+09
-9.588172401870555878e+08
-8.802774238473107815e+08
-8.017376075075659752e+08
-7.231977911678211689e+08
-6.446579748280762434e+08
-5.661181584883314371e+08
-4.875783421485866308e+08
-4.090385258088418245e+08
-3.304987094690970182e+08
-2.519588931293522418e+08
-1.734190767896073759e+08
-9.487926044986256957e+07
-1.633944411011776328e+07
6.220037222962707281e+07
1.407401885693718791e+08
2.192800049091167152e+08
2.978198212488615513e+08
3.763596375886063576e+08
4.548994539283511639e+08
5.334392702680959702e+08
6.119790866078407764e+08
6.905189029475857019e+08
7.690587192873305082e+08
8.475985356270753145e+08
9.261383519668201208e+08
1.004678168306564927e+09
1.083217984646309614e+09
1.161757800986054659e+09
1.240297617325799465e+09
1.318837433665544271e+09
1.397377250005289078e+09
1.475917066345033884e+09
1.554456882684778690e+09
1.632996699024523497e+09
1.711536515364268303e+09
1.790076331704013109e+09
1.868616148043757915e+09
1.947155964383502722e+09
2.025695780723247528e+09
2.104235597062992573e+09
2.182775413402737141e+09
2.261315229742482185e+09
2.339855046082226753e+09
2.418394862421971798e+09
2.496934678761716366e+09
2.575474495101461411e+09
2.654014311441205978e+09
2.732554127780951023e+09
2.811093944120696068e+09
2.889633760460440636e+09
2.968173576800185680e+09
3.046713393139930248e+09
3.125253209479675293e+09
3.203793025819419861e+09
3.282332842159164906e+09
3.360872658498909473e+09
3.439412474838654518e+09
3.517952291178399086e+09
3.596492107518144131e+09
3.675031923857888699e+09
3.753571740197633743e+09
3.832111556537378311e+09
3.910651372877123356e+09
3.989191189216868401e+09
4.067731005556612968e+09
4.146270821896358013e+09
4.224810638236102581e+09
4.303350454575847626e+09
4.381890270915592194e+09
4.460430087255336761e+09
4.538969903595082283e+09
4.617509719934826851e+09
4.696049536274571419e+09
4.774589352614315987e+09
4.853129168954061508e+09
4.931668985293806076e+09
5.010208801633550644e+09
5.088748617973295212e+09
5.167288434313040733e+09
5.245828250652785301e+09
5.324368066992529869e+09
5.402907883332275391e+09
5.481447699672019958e+09
5.559987516011764526e+09
5.638527332351509094e+09
5.717067148691254616e+09
5.795606965030999184e+09
5.874146781370743752e+09
5.952686597710488319e+09
6.031226414050233841e+09
6.109766230389978409e+09
6.188306046729722977e+09
6.266845863069467545e+09
