-4.884008842091772556e+08
-1.102751791438765287e+09
-1.476905751172070980e+09
-1.770339706572592020e+09
-2.018568242588925838e+09
-2.236693053999183655e+09
-2.432824876584108829e+09
-2.611922842838858128e+09
-2.777284282938819408e+09
-2.931234899163353443e+09
-3.075488753740783691e+09
-3.211352847196572781e+09
-3.339851215025551796e+09
-3.461804177349783421e+09
-3.577881102080364704e+09
-3.688636766263364792e+09
-3.794537152372411251e+09
-3.895978208683646679e+09
-3.993299788250288010e+09
-4.086796201138537884e+09
-4.176724335521750927e+09
-4.263309999840203762e+09
-4.346752940878281593e+09
-4.427230861139853477e+09
-4.504902669439475060e+09
-4.579911136574085236e+09
-4.652385084148386955e+09
-4.722441203233354568e+09
-4.790185576706233025e+09
-4.855714962296633720e+09
-4.919117880815320969e+09
-4.980475544578174591e+09
-5.039862653825414658e+09
-5.097348083386662483e+09
-5.152995477533999443e+09
-5.206863767592220306e+09
-5.259007624214105606e+09
-5.309477854113167763e+09
-5.358321749353326797e+09
-5.405583395931122780e+09
-5.451303947280709267e+09
-5.495521867430687904e+09
-5.538273147803216934e+09
-5.579591501037156105e+09
-5.619508534713031769e+09
-5.658053907438298225e+09
-5.695255469400966644e+09
-5.731139389205612183e+09
-5.765730268557937622e+09
-5.799051246154402733e+09
-5.831124091955452919e+09
-5.861969292869106293e+09
-5.891606130741936684e+09
-5.920052753443187714e+09
-5.947326239731867790e+09
-5.973442658513997078e+09
-5.998417123025455475e+09
-6.022263840413655281e+09
-6.044996157137017250e+09
-6.066626600553839684e+09
-6.087166917030631065e+09
-6.106628106863524437e+09
-6.125020456274218559e+09
-6.142353566713520050e+09
-6.158636381680414200e+09
-6.173877211242184639e+09
-6.188083754421247482e+09
-6.201263119596474648e+09
-6.213421843050837517e+09
-6.224565905782810211e+09
-6.234700748685932159e+09
-6.243831286189169884e+09
-6.251961918439932823e+09
-6.259096542101758003e+09
-6.265238559829616547e+09
-6.270390888477385521e+09
-6.274555966084228516e+09
-6.277735757679261208e+09
-6.279931759936969757e+09
-6.281145004709248543e+09
-6.281376061453530312e+09
-6.280625038570415497e+09
-6.278891583658093452e+09
-6.276174882684985161e+09
-6.272473658076051712e+09
-6.267786165702262878e+09
-6.262110190756629944e+09
-6.255443042493955612e+09
-6.247781547805002213e+09
-6.239122043588981628e+09
-6.229460367881141663e+09
-6.218791849684663773e+09
-6.207111297447918892e+09
-6.194412986119461060e+09
-6.180690642703602791e+09
-6.165937430229159355e+09
-6.150145930032613754e+09
-6.133308122244561195e+09
-6.115415364354584694e+09
-6.096458367714468956e+09
-6.076427171822769165e+09
-6.055311116214838982e+09
-6.033098809761245728e+09
-6.009778097153736115e+09
-5.985336022331045151e+09
-5.959758788566623688e+09
-5.933031714905899048e+09
-5.905139188601737976e+09
-5.876064613152189255e+09
-5.845790351493750572e+09
-5.814297663845058441e+09
-5.781566639628866196e+09
-5.747576122822852135e+09
-5.712303630000419617e+09
-5.675725260218926430e+09
-5.637815595792139053e+09
-5.598547592842769623e+09
-5.557892460365954399e+09
-5.515819526340442657e+09
-5.472296089195367813e+09
-5.427287252669235229e+09
-5.380755741775283813e+09
-5.332661697202253342e+09
-5.282962445017661095e+09
-5.231612237984062195e+09
-5.178561964124872208e+09
-5.123758817356233597e+09
-5.067145923997972488e+09
-5.008661917742246628e+09
-4.948240454130361557e+09
-4.885809653685014725e+09
-4.821291460458470345e+09
-4.754600899742951393e+09
-4.685645214853750229e+09
-4.614322857974486351e+09
-4.540522303685829163e+09
-4.464120645481005669e+09
-4.384981924597826958e+09
-4.302955125862713814e+09
-4.217871755497717381e+09
-4.129542888863272667e+09
-4.037755538736302853e+09
-3.942268142164962292e+09
-3.842804888796792507e+09
-3.739048504163981438e+09
-3.630630938847946167e+09
-3.517121167410582542e+09
-3.398008915949732304e+09
-3.272682519585242271e+09
-3.140398087762500763e+09
-3.000235394055703640e+09
-2.851032739967297554e+09
-2.691287042194667816e+09
-2.518993290404531956e+09
-2.331371151322715282e+09
-2.124363125229584217e+09
-1.891615427339619160e+09
-1.622085742666499138e+09
-1.292972692160678148e+09
-8.366944503719322681e+08
