-6.257222868474094391e+09
-6.178683052134349823e+09
-6.100143235794604301e+09
-6.021603419454859734e+09
-5.943063603115114212e+09
-5.864523786775369644e+09
-5.785983970435625076e+09
-5.707444154095880508e+09
-5.628904337756135941e+09
-5.550364521416390419e+09
-5.471824705076645851e+09
-5.393284888736900330e+09
-5.314745072397155762e+09
-5.236205256057411194e+09
-5.157665439717666626e+09
-5.079125623377922058e+09
-5.000585807038177490e+09
-4.922045990698431969e+09
-4.843506174358687401e+09
-4.764966358018941879e+09
-4.686426541679197311e+09
-4.607886725339452744e+09
-4.529346908999708176e+09
-4.450807092659963608e+09
-4.372267276320218086e+09
-4.293727459980473518e+09
-4.215187643640728951e+09
-4.136647827300983906e+09
-4.058108010961238861e+09
-3.979568194621494293e+09
-3.901028378281749249e+09
-3.822488561942004204e+09
-3.743948745602259636e+09
-3.665408929262515068e+09
-3.586869112922770023e+09
-3.508329296583024979e+09
-3.429789480243280411e+09
-3.351249663903535843e+09
-3.272709847563790798e+09
-3.194170031224045753e+09
-3.115630214884301186e+09
-3.037090398544556141e+09
-2.958550582204811573e+09
-2.880010765865066528e+09
-2.801470949525321960e+09
-2.722931133185576916e+09
-2.644391316845832348e+09
-2.565851500506087303e+09
-2.487311684166342735e+09
-2.408771867826597691e+09
-2.330232051486853123e+09
-2.251692235147108078e+09
-2.173152418807363033e+09
-2.094612602467618465e+09
-2.016072786127873659e+09
-1.937532969788128853e+09
-1.858993153448384047e+09
-1.780453337108639240e+09
-1.701913520768894196e+09
-1.623373704429149628e+09
-1.544833888089404583e+09
-1.466294071749660015e+09
-1.387754255409914970e+09
-1.309214439070170164e+09
-1.230674622730425358e+09
-1.152134806390680552e+09
-1.073594990050935745e+09
-9.950551737111909389e+08
-9.165153573714461327e+08
-8.379755410317013264e+08
-7.594357246919565201e+08
-6.808959083522117138e+08
-6.023560920124669075e+08
-5.238162756727221012e+08
-4.452764593329772949e+08
-3.667366429932322502e+08
-2.881968266534874439e+08
-2.096570103137426376e+08
-1.311171939739978313e+08
-5.257737763425302505e+07
2.596243870549154282e+07
1.045022550452365875e+08
1.830420713849811554e+08
2.615818877247262001e+08
3.401217040644712448e+08
4.186615204042158127e+08
4.972013367439608574e+08
5.757411530837054253e+08
6.542809694234504700e+08
7.328207857631950378e+08
8.113606021029400826e+08
8.899004184426846504e+08
9.684402347824296951e+08
1.046980051122174263e+09
1.125519867461919308e+09
1.204059683801663876e+09
1.282599500141408920e+09
1.361139316481153488e+09
1.439679132820898533e+09
1.518218949160643578e+09
1.596758765500388145e+09
1.675298581840133190e+09
1.753838398179877758e+09
1.832378214519622803e+09
1.910918030859367371e+09
1.989457847199112415e+09
2.067997663538857460e+09
2.146537479878602028e+09
2.225077296218346596e+09
2.303617112558091164e+09
2.382156928897836685e+09
2.460696745237581253e+09
2.539236561577325821e+09
2.617776377917070389e+09
2.696316194256815910e+09
2.774856010596560478e+09
2.853395826936305046e+09
2.931935643276050568e+09
3.010475459615795135e+09
3.089015275955539703e+09
3.167555092295284271e+09
3.246094908635029793e+09
3.324634724974774361e+09
3.403174541314518929e+09
3.481714357654263496e+09
3.560254173994009018e+09
3.638793990333753586e+09
3.717333806673498154e+09
3.795873623013242722e+09
3.874413439352988243e+09
3.952953255692732811e+09
4.031493072032477379e+09
4.110032888372222900e+09
4.188572704711967468e+09
4.267112521051712036e+09
4.345652337391456604e+09
4.424192153731202126e+09
4.502731970070946693e+09
4.581271786410691261e+09
4.659811602750435829e+09
4.738351419090181351e+09
4.816891235429925919e+09
4.895431051769670486e+09
4.973970868109415054e+09
5.052510684449160576e+09
5.131050500788905144e+09
5.209590317128649712e+09
5.288130133468395233e+09
5.366669949808139801e+09
5.445209766147884369e+09
5.523749582487628937e+09
5.602289398827374458e+09
5.680829215167119026e+09
5.759369031506863594e+09
5.837908847846608162e+09
5.916448664186353683e+09
5.994988480526098251e+09
6.073528296865842819e+09
6.152068113205587387e+09
6.230607929545332909e+09
