-6.254732133312162399e+09
-6.176192316972417831e+09
-6.097652500632673264e+09
-6.019112684292928696e+09
-5.940572867953183174e+09
-5.862033051613438606e+09
-5.783493235273694038e+09
-5.704953418933949471e+09
-5.626413602594203949e+09
-5.547873786254459381e+09
-5.469333969914714813e+09
-5.390794153574969292e+09
-5.312254337235224724e+09
-5.233714520895480156e+09
-5.155174704555735588e+09
-5.076634888215990067e+09
-4.998095071876245499e+09
-4.919555255536500931e+09
-4.841015439196756363e+09
-4.762475622857010841e+09
-4.683935806517266273e+09
-4.605395990177521706e+09
-4.526856173837777138e+09
-4.448316357498031616e+09
-4.369776541158287048e+09
-4.291236724818542004e+09
-4.212696908478796482e+09
-4.134157092139051914e+09
-4.055617275799307346e+09
-3.977077459459562778e+09
-3.898537643119817257e+09
-3.819997826780072689e+09
-3.741458010440328121e+09
-3.662918194100583553e+09
-3.584378377760838509e+09
-3.505838561421093464e+09
-3.427298745081348896e+09
-3.348758928741603851e+09
-3.270219112401859283e+09
-3.191679296062114239e+09
-3.113139479722369671e+09
-3.034599663382624626e+09
-2.956059847042879581e+09
-2.877520030703135014e+09
-2.798980214363389969e+09
-2.720440398023645401e+09
-2.641900581683900356e+09
-2.563360765344155788e+09
-2.484820949004410744e+09
-2.406281132664666176e+09
-2.327741316324921131e+09
-2.249201499985176563e+09
-2.170661683645431519e+09
-2.092121867305686951e+09
-2.013582050965941906e+09
-1.935042234626197338e+09
-1.856502418286452293e+09
-1.777962601946707249e+09
-1.699422785606962681e+09
-1.620882969267217636e+09
-1.542343152927473068e+09
-1.463803336587728500e+09
-1.385263520247983456e+09
-1.306723703908238888e+09
-1.228183887568493843e+09
-1.149644071228748798e+09
-1.071104254889004111e+09
-9.925644385492593050e+08
-9.140246222095144987e+08
-8.354848058697696924e+08
-7.569449895300248861e+08
-6.784051731902800798e+08
-5.998653568505352736e+08
-5.213255405107904673e+08
-4.427857241710456610e+08
-3.642459078313008547e+08
-2.857060914915560484e+08
-2.071662751518111229e+08
-1.286264588120663166e+08
-5.008664247232151031e+07
2.845317386742329597e+07
1.069929902071681023e+08
1.855328065469129086e+08
2.640726228866577744e+08
3.426124392264025807e+08
4.211522555661473870e+08
4.996920719058922529e+08
5.782318882456370592e+08
6.567717045853818655e+08
7.353115209251266718e+08
8.138513372648714781e+08
8.923911536046164036e+08
9.709309699443612099e+08
1.049470786284106016e+09
1.128010602623850822e+09
1.206550418963595629e+09
1.285090235303340435e+09
1.363630051643085241e+09
1.442169867982830048e+09
1.520709684322574854e+09
1.599249500662319660e+09
1.677789317002064705e+09
1.756329133341809273e+09
1.834868949681554317e+09
1.913408766021298885e+09
1.991948582361043930e+09
2.070488398700788498e+09
2.149028215040533543e+09
2.227568031380278111e+09
2.306107847720023155e+09
2.384647664059767723e+09
2.463187480399512768e+09
2.541727296739257812e+09
2.620267113079002380e+09
2.698806929418747425e+09
2.777346745758491993e+09
2.855886562098237038e+09
2.934426378437981606e+09
3.012966194777726650e+09
3.091506011117471218e+09
3.170045827457216263e+09
3.248585643796961308e+09
3.327125460136705875e+09
3.405665276476450920e+09
3.484205092816195488e+09
3.562744909155940533e+09
3.641284725495685101e+09
3.719824541835430145e+09
3.798364358175174713e+09
3.876904174514919758e+09
3.955443990854664326e+09
4.033983807194409370e+09
4.112523623534153938e+09
4.191063439873898983e+09
4.269603256213643551e+09
4.348143072553388596e+09
4.426682888893133163e+09
4.505222705232877731e+09
4.583762521572623253e+09
4.662302337912367821e+09
4.740842154252112389e+09
4.819381970591856956e+09
4.897921786931602478e+09
4.976461603271347046e+09
5.055001419611091614e+09
5.133541235950836182e+09
5.212081052290580750e+09
5.290620868630326271e+09
5.369160684970070839e+09
5.447700501309815407e+09
5.526240317649559975e+09
5.604780133989305496e+09
5.683319950329050064e+09
5.761859766668794632e+09
5.840399583008540154e+09
5.918939399348284721e+09
5.997479215688029289e+09
6.076019032027773857e+09
6.154558848367519379e+09
6.233098664707263947e+09
