-8.435623309989174604e+08
-1.297371415291716099e+09
-1.625549373796551228e+09
-1.894547950985494375e+09
-2.126940550418592215e+09
-2.333688768011964798e+09
-2.521109561556992531e+09
-2.693240904802544594e+09
-2.852851681340583324e+09
-3.001939682047691822e+09
-3.142003180787065506e+09
-3.274200530816357136e+09
-3.399449549326896667e+09
-3.518492341236257076e+09
-3.631939215729827404e+09
-3.740299396127646446e+09
-3.844003079224586964e+09
-3.943417650718982220e+09
-4.038859846220782280e+09
-4.130605033324507713e+09
-4.218894407274918556e+09
-4.303940646970406532e+09
-4.385932416265798569e+09
-4.465037986619698524e+09
-4.541408182310997009e+09
-4.615178797106812477e+09
-4.686472594037646294e+09
-4.755400973058553696e+09
-4.822065371701753616e+09
-4.886558449242446899e+09
-4.948965093962470055e+09
-5.009363284805146217e+09
-5.067824832366179466e+09
-5.124416019259113312e+09
-5.179198156069159508e+09
-5.232228066103347778e+09
-5.283558509764760017e+09
-5.333238557480276108e+09
-5.381313918587133408e+09
-5.427827232352147102e+09
-5.472818326296439171e+09
-5.516324446180390358e+09
-5.558380461331093788e+09
-5.599019048439268112e+09
-5.638270856491634369e+09
-5.676164655120453835e+09
-5.712727468330090523e+09
-5.747984695289834976e+09
-5.781960219653701782e+09
-5.814676508674254417e+09
-5.846154703212804794e+09
-5.876414699607645035e+09
-5.905475224241573334e+09
-5.933353901546405792e+09
-5.960067316092955589e+09
-5.985631069337772369e+09
-6.010059831531002045e+09
-6.033367389231480598e+09
-6.055566688824422836e+09
-6.076669876392554283e+09
-6.096688334252626419e+09
-6.115632714434873581e+09
-6.133512969352774620e+09
-6.150338379883660316e+09
-6.166117581056971550e+09
-6.180858585525835037e+09
-6.194568804978730202e+09
-6.207255069631135941e+09
-6.218923645921849251e+09
-6.229580252524965286e+09
-6.239230074776113510e+09
-6.247877777600257874e+09
-6.255527517018061638e+09
-6.262182950298387527e+09
-6.267847244815727234e+09
-6.272523085663299561e+09
-6.276212682064926147e+09
-6.278917772621713638e+09
-6.280639629422760010e+09
-6.281379061042658806e+09
-6.281136414442317009e+09
-6.279911575783535004e+09
-6.277703970161817551e+09
-6.274512560255934715e+09
-6.270335843886846542e+09
-6.265171850472537041e+09
-6.259018136359203339e+09
-6.251871779002831459e+09
-6.243729369968662262e+09
-6.234587006709034920e+09
-6.224440283072818756e+09
-6.213284278491752625e+09
-6.201113545780674934e+09
-6.187922097479491234e+09
-6.173703390654919624e+09
-6.158450310069227219e+09
-6.142155149611420631e+09
-6.124809591873291016e+09
-6.106404685738301277e+09
-6.086930821835330963e+09
-6.066377705691413879e+09
-6.044734328397680283e+09
-6.021988934580295563e+09
-5.998128987443028450e+09
-5.973141130619614601e+09
-5.947011146541921616e+09
-5.919723910993364334e+09
-5.891263343475483894e+09
-5.861612352968074799e+09
-5.830752778608999252e+09
-5.798665324757400513e+09
-5.765329489832281113e+09
-5.730723488235521317e+09
-5.694824164572379112e+09
-5.657606899271044731e+09
-5.619045504572799683e+09
-5.579112109712341309e+09
-5.537777033929466248e+09
-5.495008645743246078e+09
-5.450773206671511650e+09
-5.405034697283791542e+09
-5.357754623124690056e+09
-5.308891797624521255e+09
-5.258402098608901024e+09
-5.206238194408963203e+09
-5.152349234833518982e+09
-5.096680501361159325e+09
-5.039173009802220345e+09
-4.979763057313261986e+09
-4.918381703949312210e+09
-4.854954176818084717e+09
-4.789399182231739044e+09
-4.721628107869082451e+09
-4.651544092640133858e+09
-4.579040936378479958e+09
-4.504001814251759529e+09
-4.426297751285492897e+09
-4.345785799804855347e+09
-4.262306845715671062e+09
-4.175682946630701542e+09
-4.085714073332698345e+09
-3.992174082097865105e+09
-3.894805683088391781e+09
-3.793314080162618637e+09
-3.687358825365515709e+09
-3.576543233031102657e+09
-3.460400393448542595e+09
-3.338374344305278778e+09
-3.209794173611640453e+09
-3.073837504762638569e+09
-2.929477490768313408e+09
-2.775403164704122543e+09
-2.609894649000174522e+09
-2.430617293118863583e+09
-2.234259109153598309e+09
-2.015834840100203276e+09
-1.767181211077813625e+09
-1.473068823073019266e+09
-1.097541378140998363e+09
-4.763668654012318254e+08
