-6.248449111704233170e+09
-6.169909295364488602e+09
-6.091369479024743080e+09
-6.012829662684998512e+09
-5.934289846345252991e+09
-5.855750030005508423e+09
-5.777210213665763855e+09
-5.698670397326019287e+09
-5.620130580986274719e+09
-5.541590764646530151e+09
-5.463050948306784630e+09
-5.384511131967039108e+09
-5.305971315627294540e+09
-5.227431499287549973e+09
-5.148891682947805405e+09
-5.070351866608060837e+09
-4.991812050268316269e+09
-4.913272233928570747e+09
-4.834732417588826180e+09
-4.756192601249080658e+09
-4.677652784909336090e+09
-4.599112968569591522e+09
-4.520573152229846954e+09
-4.442033335890102386e+09
-4.363493519550356865e+09
-4.284953703210612297e+09
-4.206413886870867729e+09
-4.127874070531122684e+09
-4.049334254191377640e+09
-3.970794437851633072e+09
-3.892254621511888504e+09
-3.813714805172143459e+09
-3.735174988832398415e+09
-3.656635172492653847e+09
-3.578095356152908802e+09
-3.499555539813164234e+09
-3.421015723473419189e+09
-3.342475907133674622e+09
-3.263936090793929577e+09
-3.185396274454185009e+09
-3.106856458114439964e+09
-3.028316641774695396e+09
-2.949776825434950352e+09
-2.871237009095205307e+09
-2.792697192755460739e+09
-2.714157376415715694e+09
-2.635617560075971127e+09
-2.557077743736226082e+09
-2.478537927396481514e+09
-2.399998111056736469e+09
-2.321458294716991901e+09
-2.242918478377246857e+09
-2.164378662037502289e+09
-2.085838845697757244e+09
-2.007299029358012438e+09
-1.928759213018267632e+09
-1.850219396678522825e+09
-1.771679580338778019e+09
-1.693139763999033213e+09
-1.614599947659288406e+09
-1.536060131319543600e+09
-1.457520314979798794e+09
-1.378980498640053988e+09
-1.300440682300309181e+09
-1.221900865960564375e+09
-1.143361049620819569e+09
-1.064821233281074524e+09
-9.862814169413297176e+08
-9.077416006015849113e+08
-8.292017842618401051e+08
-7.506619679220952988e+08
-6.721221515823507309e+08
-5.935823352426056862e+08
-5.150425189028611183e+08
-4.365027025631160736e+08
-3.579628862233710289e+08
-2.794230698836264610e+08
-2.008832535438814163e+08
-1.223434372041368484e+08
-4.380362086439180374e+07
3.473619547535276413e+07
1.132760118150978088e+08
1.918158281548423767e+08
2.703556444945874214e+08
3.488954608343319893e+08
4.274352771740770340e+08
5.059750935138216019e+08
5.845149098535666466e+08
6.630547261933112144e+08
7.415945425330562592e+08
8.201343588728013039e+08
8.986741752125458717e+08
9.772139915522909164e+08
1.055753807892035484e+09
1.134293624231780529e+09
1.212833440571525097e+09
1.291373256911270142e+09
1.369913073251015186e+09
1.448452889590759754e+09
1.526992705930504322e+09
1.605532522270248890e+09
1.684072338609994411e+09
1.762612154949738979e+09
1.841151971289483547e+09
1.919691787629228115e+09
1.998231603968973637e+09
2.076771420308718204e+09
2.155311236648462772e+09
2.233851052988208294e+09
2.312390869327952862e+09
2.390930685667697430e+09
2.469470502007441998e+09
2.548010318347187519e+09
2.626550134686932087e+09
2.705089951026676655e+09
2.783629767366421223e+09
2.862169583706166744e+09
2.940709400045911312e+09
3.019249216385655880e+09
3.097789032725400448e+09
3.176328849065145969e+09
3.254868665404890537e+09
3.333408481744635105e+09
3.411948298084380627e+09
3.490488114424125195e+09
3.569027930763869762e+09
3.647567747103614330e+09
3.726107563443359852e+09
3.804647379783104420e+09
3.883187196122848988e+09
3.961727012462593555e+09
4.040266828802339077e+09
4.118806645142083645e+09
4.197346461481828213e+09
4.275886277821572781e+09
4.354426094161317825e+09
4.432965910501062393e+09
4.511505726840806961e+09
4.590045543180553436e+09
4.668585359520298004e+09
4.747125175860042572e+09
4.825664992199787140e+09
4.904204808539531708e+09
4.982744624879276276e+09
5.061284441219020844e+09
5.139824257558765411e+09
5.218364073898511887e+09
5.296903890238256454e+09
5.375443706578001022e+09
5.453983522917745590e+09
5.532523339257490158e+09
5.611063155597234726e+09
5.689602971936981201e+09
5.768142788276725769e+09
5.846682604616470337e+09
5.925222420956214905e+09
6.003762237295959473e+09
6.082302053635704041e+09
6.160841869975448608e+09
6.239381686315195084e+09
