-6.232429080301556587e+09
-6.153889263961812019e+09
-6.075349447622066498e+09
-5.996809631282321930e+09
-5.918269814942577362e+09
-5.839729998602832794e+09
-5.761190182263088226e+09
-5.682650365923342705e+09
-5.604110549583598137e+09
-5.525570733243853569e+09
-5.447030916904109001e+09
-5.368491100564363480e+09
-5.289951284224618912e+09
-5.211411467884874344e+09
-5.132871651545128822e+09
-5.054331835205384254e+09
-4.975792018865639687e+09
-4.897252202525895119e+09
-4.818712386186149597e+09
-4.740172569846405029e+09
-4.661632753506660461e+09
-4.583092937166915894e+09
-4.504553120827170372e+09
-4.426013304487425804e+09
-4.347473488147681236e+09
-4.268933671807936668e+09
-4.190393855468191147e+09
-4.111854039128446579e+09
-4.033314222788702011e+09
-3.954774406448956490e+09
-3.876234590109211922e+09
-3.797694773769467354e+09
-3.719154957429722786e+09
-3.640615141089977741e+09
-3.562075324750232697e+09
-3.483535508410488129e+09
-3.404995692070743561e+09
-3.326455875730998039e+09
-3.247916059391253471e+09
-3.169376243051508904e+09
-3.090836426711763859e+09
-3.012296610372018814e+09
-2.933756794032274246e+09
-2.855216977692529678e+09
-2.776677161352784634e+09
-2.698137345013039589e+09
-2.619597528673295021e+09
-2.541057712333550453e+09
-2.462517895993805408e+09
-2.383978079654060364e+09
-2.305438263314315796e+09
-2.226898446974570751e+09
-2.148358630634826183e+09
-2.069818814295081139e+09
-1.991278997955336571e+09
-1.912739181615591526e+09
-1.834199365275846720e+09
-1.755659548936101913e+09
-1.677119732596357107e+09
-1.598579916256612301e+09
-1.520040099916867495e+09
-1.441500283577122688e+09
-1.362960467237377882e+09
-1.284420650897633076e+09
-1.205880834557888269e+09
-1.127341018218143463e+09
-1.048801201878398538e+09
-9.702613855386537313e+08
-8.917215691989089251e+08
-8.131817528591641188e+08
-7.346419365194193125e+08
-6.561021201796745062e+08
-5.775623038399295807e+08
-4.990224875001847744e+08
-4.204826711604399681e+08
-3.419428548206951618e+08
-2.634030384809503555e+08
-1.848632221412055492e+08
-1.063234058014607430e+08
-2.778358946171593666e+07
5.075622687802886963e+07
1.292960432177736759e+08
2.078358595575184822e+08
2.863756758972632885e+08
3.649154922370083332e+08
4.434553085767531395e+08
5.219951249164979458e+08
6.005349412562427521e+08
6.790747575959875584e+08
7.576145739357321262e+08
8.361543902754771709e+08
9.146942066152217388e+08
9.932340229549667835e+08
1.071773839294711828e+09
1.150313655634456396e+09
1.228853471974201441e+09
1.307393288313946009e+09
1.385933104653691053e+09
1.464472920993435621e+09
1.543012737333180666e+09
1.621552553672925234e+09
1.700092370012670279e+09
1.778632186352414846e+09
1.857172002692159891e+09
1.935711819031904459e+09
2.014251635371649504e+09
2.092791451711394072e+09
2.171331268051138878e+09
2.249871084390884399e+09
2.328410900730628967e+09
2.406950717070373535e+09
2.485490533410118103e+09
2.564030349749863625e+09
2.642570166089608192e+09
2.721109982429352760e+09
2.799649798769098282e+09
2.878189615108842850e+09
2.956729431448587418e+09
3.035269247788331985e+09
3.113809064128077507e+09
3.192348880467822075e+09
3.270888696807566643e+09
3.349428513147311211e+09
3.427968329487056732e+09
3.506508145826801300e+09
3.585047962166545868e+09
3.663587778506291389e+09
3.742127594846035957e+09
3.820667411185780525e+09
3.899207227525525093e+09
3.977747043865270615e+09
4.056286860205015182e+09
4.134826676544759750e+09
4.213366492884504318e+09
4.291906309224249840e+09
4.370446125563994408e+09
4.448985941903738976e+09
4.527525758243483543e+09
4.606065574583229065e+09
4.684605390922973633e+09
4.763145207262718201e+09
4.841685023602463722e+09
4.920224839942208290e+09
4.998764656281952858e+09
5.077304472621697426e+09
5.155844288961442947e+09
5.234384105301187515e+09
5.312923921640932083e+09
5.391463737980676651e+09
5.470003554320422173e+09
5.548543370660166740e+09
5.627083186999911308e+09
5.705623003339655876e+09
5.784162819679401398e+09
5.862702636019145966e+09
5.941242452358890533e+09
6.019782268698636055e+09
6.098322085038380623e+09
6.176861901378125191e+09
6.255401717717869759e+09
