-5.174954369420416951e+08
-1.115777983179658651e+09
-1.486533713960001707e+09
-1.778276539863698244e+09
-2.025442029834015369e+09
-2.242816616378901482e+09
-2.438380677353543282e+09
-2.617028329073945522e+09
-2.782020348084940434e+09
-2.935660088232350349e+09
-3.079647071438664436e+09
-3.215278372100888729e+09
-3.343570984752286911e+09
-3.465340076320600033e+09
-3.581251143598920345e+09
-3.691855990826582432e+09
-3.797618273994151115e+09
-3.898932090642917633e+09
-3.996135800296909332e+09
-4.089522492404550076e+09
-4.179348046268636227e+09
-4.265837428022176743e+09
-4.349189674787577629e+09
-4.429581886221490860e+09
-4.507172455176618576e+09
-4.582103707813996315e+09
-4.654504080148748398e+09
-4.724489926921059608e+09
-4.792167036063582420e+09
-4.857631905361799240e+09
-4.920972825462667465e+09
-4.982270804000300407e+09
-5.041600358452086449e+09
-5.099030199831459045e+09
-5.154623825046879768e+09
-5.208440032407711983e+09
-5.260533372114676476e+09
-5.310954541471410751e+09
-5.359750732871636391e+09
-5.406965941261227608e+09
-5.452641236675894737e+09
-5.496815006559396744e+09
-5.539523171832875252e+09
-5.580799380080670357e+09
-5.620675178716774940e+09
-5.659180170579088211e+09
-5.696342154049991608e+09
-5.732187249509289742e+09
-5.766740013678915977e+09
-5.800023543210213661e+09
-5.832059568687433243e+09
-5.862868540070055008e+09
-5.892469704467419624e+09
-5.920881177028311729e+09
-5.948120005632755280e+09
-5.974202229990854263e+09
-5.999142935682181358e+09
-6.022956303607206345e+09
-6.045655655268234253e+09
-6.067253494250130653e+09
-6.087761544229759216e+09
-6.107190783806710243e+09
-6.125551478415896416e+09
-6.142853209554283142e+09
-6.159104901528970718e+09
-6.174314845911541939e+09
-6.188490723863757133e+09
-6.201639626481897354e+09
-6.213768073291109085e+09
-6.224882029006809235e+09
-6.234986918667158127e+09
-6.244087641228932381e+09
-6.252188581708314896e+09
-6.259293621938373566e+09
-6.265406150005888939e+09
-6.270529068421855927e+09
-6.274664801072162628e+09
-6.277815298987625122e+09
-6.279982044965642929e+09
-6.281166057069122314e+09
-6.281367891022010803e+09
-6.280587641514604568e+09
-6.278824942425796509e+09
-6.276078965963482857e+09
-6.272348420718420029e+09
-6.267631548620825768e+09
-6.261926120782962799e+09
-6.255229432204663277e+09
-6.247538295312293053e+09
-6.238849032294853210e+09
-6.229157466193790436e+09
-6.218458910695471764e+09
-6.206748158567142487e+09
-6.194019468668463707e+09
-6.180266551461185455e+09
-6.165482552929215431e+09
-6.149660036809987068e+09
-6.132790965025606155e+09
-6.114866676188471794e+09
-6.095877862040824890e+09
-6.075814541670706749e+09
-6.054666033327822685e+09
-6.032420923641581535e+09
-6.009067034019714355e+09
-5.984591383978929520e+09
-5.958980151128702164e+09
-5.932218627494732857e+09
-5.904291171829499245e+09
-5.875181157512564659e+09
-5.844870915592254639e+09
-5.813341672461754799e+09
-5.780573481595338821e+09
-5.746545148692797661e+09
-5.711234149490356445e+09
-5.674616539392206192e+09
-5.636666853955533028e+09
-5.597357999120387077e+09
-5.556661129909907341e+09
-5.514545516131402016e+09
-5.470978393378727913e+09
-5.425924797363806725e+09
-5.379347379280936241e+09
-5.331206199520379066e+09
-5.281458496583213806e+09
-5.230058427489711761e+09
-5.176956775295686722e+09
-5.122100618506270409e+09
-5.065432956167060852e+09
-5.006892281170331955e+09
-4.946412092776072502e+09
-4.883920337431633949e+09
-4.819338764570709229e+09
-4.752582181036764145e+09
-4.683557583912152290e+09
-4.612163146575860977e+09
-4.538287026394727707e+09
-4.461805954067421913e+09
-4.382583553574183464e+09
-4.300468326922659874e+09
-4.215291217955135345e+09
-4.126862642246894836e+09
-4.034968832379626274e+09
-3.939367294766460896e+09
-3.839781098236576080e+09
-3.735891603911009312e+09
-3.627329081358529091e+09
-3.513660405796850204e+09
-3.394372640792153358e+09
-3.268850684315626144e+09
-3.136346116525060654e+09
-2.995932596610203266e+09
-2.846439930636148453e+09
-2.686352811621532917e+09
-2.513647861732537270e+09
-2.325515579732125282e+09
-2.117848635965221167e+09
-1.884199026812536240e+09
-1.613317109226051331e+09
-1.281811691201300621e+09
-8.191174048802748919e+08
