-6.269701833683368683e+09
-6.191162017343624115e+09
-6.112622201003879547e+09
-6.034082384664133072e+09
-5.955542568324388504e+09
-5.877002751984643936e+09
-5.798462935644899368e+09
-5.719923119305154800e+09
-5.641383302965410233e+09
-5.562843486625665665e+09
-5.484303670285921097e+09
-5.405763853946174622e+09
-5.327224037606430054e+09
-5.248684221266685486e+09
-5.170144404926940918e+09
-5.091604588587196350e+09
-5.013064772247451782e+09
-4.934524955907707214e+09
-4.855985139567960739e+09
-4.777445323228216171e+09
-4.698905506888471603e+09
-4.620365690548727036e+09
-4.541825874208982468e+09
-4.463286057869237900e+09
-4.384746241529493332e+09
-4.306206425189748764e+09
-4.227666608850002289e+09
-4.149126792510257721e+09
-4.070586976170513153e+09
-3.992047159830768585e+09
-3.913507343491024017e+09
-3.834967527151279449e+09
-3.756427710811534882e+09
-3.677887894471789360e+09
-3.599348078132044792e+09
-3.520808261792299271e+09
-3.442268445452554703e+09
-3.363728629112810135e+09
-3.285188812773065567e+09
-3.206648996433320045e+09
-3.128109180093575478e+09
-3.049569363753830910e+09
-2.971029547414086342e+09
-2.892489731074340820e+09
-2.813949914734596252e+09
-2.735410098394851685e+09
-2.656870282055107117e+09
-2.578330465715361595e+09
-2.499790649375617027e+09
-2.421250833035872459e+09
-2.342711016696126938e+09
-2.264171200356382370e+09
-2.185631384016637802e+09
-2.107091567676893234e+09
-2.028551751337147713e+09
-1.950011934997403145e+09
-1.871472118657658577e+09
-1.792932302317914009e+09
-1.714392485978168488e+09
-1.635852669638423920e+09
-1.557312853298679352e+09
-1.478773036958934784e+09
-1.400233220619189262e+09
-1.321693404279444695e+09
-1.243153587939700127e+09
-1.164613771599954605e+09
-1.086073955260210037e+09
-1.007534138920465469e+09
-9.289943225807209015e+08
-8.504545062409753799e+08
-7.719146899012308121e+08
-6.933748735614862442e+08
-6.148350572217416763e+08
-5.362952408819961548e+08
-4.577554245422515869e+08
-3.792156082025070190e+08
-3.006757918627624512e+08
-2.221359755230169296e+08
-1.435961591832723618e+08
-6.505634284352779388e+07
1.348347349621772766e+07
9.202328983596229553e+07
1.705631061757068634e+08
2.491029225154514313e+08
3.276427388551969528e+08
4.061825551949415207e+08
4.847223715346860886e+08
5.632621878744306564e+08
6.418020042141757011e+08
7.203418205539207458e+08
7.988816368936653137e+08
8.774214532334103584e+08
9.559612695731549263e+08
1.034501085912899971e+09
1.113040902252644539e+09
1.191580718592389584e+09
1.270120534932134628e+09
1.348660351271879196e+09
1.427200167611624241e+09
1.505739983951368809e+09
1.584279800291113853e+09
1.662819616630858421e+09
1.741359432970603466e+09
1.819899249310348034e+09
1.898439065650093079e+09
1.976978881989837646e+09
2.055518698329582691e+09
2.134058514669327259e+09
2.212598331009072304e+09
2.291138147348816872e+09
2.369677963688561916e+09
2.448217780028306961e+09
2.526757596368051529e+09
2.605297412707796574e+09
2.683837229047541142e+09
2.762377045387286186e+09
2.840916861727030754e+09
2.919456678066775322e+09
2.997996494406520367e+09
3.076536310746265411e+09
3.155076127086009979e+09
3.233615943425755024e+09
3.312155759765500069e+09
3.390695576105244637e+09
3.469235392444989204e+09
3.547775208784734249e+09
3.626315025124479294e+09
3.704854841464223862e+09
3.783394657803968430e+09
3.861934474143713474e+09
3.940474290483458519e+09
4.019014106823203087e+09
4.097553923162948132e+09
4.176093739502692699e+09
4.254633555842437744e+09
4.333173372182182312e+09
4.411713188521926880e+09
4.490253004861672401e+09
4.568792821201416969e+09
4.647332637541161537e+09
4.725872453880906105e+09
4.804412270220651627e+09
4.882952086560396194e+09
4.961491902900140762e+09
5.040031719239886284e+09
5.118571535579630852e+09
5.197111351919375420e+09
5.275651168259119987e+09
5.354190984598865509e+09
5.432730800938610077e+09
5.511270617278354645e+09
5.589810433618099213e+09
5.668350249957844734e+09
5.746890066297589302e+09
5.825429882637333870e+09
5.903969698977079391e+09
5.982509515316823959e+09
6.061049331656568527e+09
6.139589147996313095e+09
6.218128964336057663e+09
