-6.263771476748476982e+09
-6.159051721628817558e+09
-6.054331966509157181e+09
-5.949612211389497757e+09
-5.844892456269838333e+09
-5.740172701150177956e+09
-5.635452946030518532e+09
-5.530733190910859108e+09
-5.426013435791198730e+09
-5.321293680671539307e+09
-5.216573925551879883e+09
-5.111854170432219505e+09
-5.007134415312560081e+09
-4.902414660192900658e+09
-4.797694905073240280e+09
-4.692975149953580856e+09
-4.588255394833920479e+09
-4.483535639714261055e+09
-4.378815884594601631e+09
-4.274096129474941254e+09
-4.169376374355281830e+09
-4.064656619235622406e+09
-3.959936864115962029e+09
-3.855217108996302605e+09
-3.750497353876643181e+09
-3.645777598756983280e+09
-3.541057843637323380e+09
-3.436338088517663479e+09
-3.331618333398004055e+09
-3.226898578278344154e+09
-3.122178823158684254e+09
-3.017459068039024830e+09
-2.912739312919364929e+09
-2.808019557799705029e+09
-2.703299802680045605e+09
-2.598580047560385704e+09
-2.493860292440725803e+09
-2.389140537321066380e+09
-2.284420782201406479e+09
-2.179701027081746578e+09
-2.074981271962086678e+09
-1.970261516842427254e+09
-1.865541761722767353e+09
-1.760822006603107452e+09
-1.656102251483448029e+09
-1.551382496363788128e+09
-1.446662741244128466e+09
-1.341942986124468565e+09
-1.237223231004808903e+09
-1.132503475885149240e+09
-1.027783720765489340e+09
-9.230639656458296776e+08
-8.183442105261697769e+08
-7.136244554065101147e+08
-6.089047002868504524e+08
-5.041849451671907306e+08
-3.994651900475309491e+08
-2.947454349278711677e+08
-1.900256798082113862e+08
-8.530592468855172396e+07
1.941383043110805750e+07
1.241335855507678390e+08
2.288533406704275608e+08
3.335730957900873423e+08
4.382928509097470641e+08
5.430126060294067860e+08
6.477323611490665674e+08
7.524521162687263489e+08
8.571718713883860111e+08
9.618916265080459118e+08
1.066611381627705574e+09
1.171331136747365236e+09
1.276050891867025137e+09
1.380770646986684799e+09
1.485490402106344700e+09
1.590210157226004362e+09
1.694929912345664024e+09
1.799649667465323925e+09
1.904369422584983587e+09
2.009089177704643488e+09
2.113808932824303150e+09
2.218528687943962574e+09
2.323248443063622475e+09
2.427968198183282375e+09
2.532687953302942276e+09
2.637407708422601700e+09
2.742127463542261600e+09
2.846847218661921501e+09
2.951566973781580925e+09
3.056286728901240826e+09
3.161006484020900726e+09
3.265726239140560627e+09
3.370445994260220051e+09
3.475165749379879951e+09
3.579885504499539852e+09
3.684605259619199276e+09
3.789325014738859177e+09
3.894044769858519077e+09
3.998764524978178501e+09
4.103484280097838402e+09
4.208204035217498302e+09
4.312923790337157249e+09
4.417643545456817627e+09
4.522363300576477051e+09
4.627083055696137428e+09
4.731802810815796852e+09
4.836522565935456276e+09
4.941242321055116653e+09
5.045962076174776077e+09
5.150681831294435501e+09
5.255401586414095879e+09
5.360121341533755302e+09
5.464841096653414726e+09
5.569560851773075104e+09
5.674280606892734528e+09
5.779000362012394905e+09
5.883720117132054329e+09
5.988439872251713753e+09
6.093159627371374130e+09
6.197879382491033554e+09
