-6.961470884243316650e+08
-1.207913789348259449e+09
-1.556005678258378983e+09
-1.836005069041364908e+09
-2.075653764676929235e+09
-2.287668132091727257e+09
-2.479148121604927540e+09
-2.654541077027264118e+09
-2.816853607288019657e+09
-2.968232328281706810e+09
-3.110274113148289204e+09
-3.244205597320052147e+09
-3.370993599955921650e+09
-3.491416437307849884e+09
-3.606111842547556400e+09
-3.715610245668760300e+09
-3.820358539322486401e+09
-3.920737460571474075e+09
-4.017074569258242607e+09
-4.109654115583546638e+09
-4.198724663392791748e+09
-4.284505063917147160e+09
-4.367189196838061333e+09
-4.446949776388880730e+09
-4.523941438720200539e+09
-4.598303269980473518e+09
-4.670160894332770348e+09
-4.739628212180324554e+09
-4.806808857749067307e+09
-4.871797429560547829e+09
-4.934680535648612022e+09
-4.995537686540300369e+09
-5.054442062273363113e+09
-5.111461174518556595e+09
-5.166657440825904846e+09
-5.220088684837776184e+09
-5.271808573800809860e+09
-5.321867002709360123e+09
-5.370310432810408592e+09
-5.417182190906686783e+09
-5.462522734845088005e+09
-5.506369889720540047e+09
-5.548759058622131348e+09
-5.589723411168030739e+09
-5.629294052594642639e+09
-5.667500175764751434e+09
-5.704369198124207497e+09
-5.739926885355037689e+09
-5.774197463235351562e+09
-5.807203719015220642e+09
-5.838967093446706772e+09
-5.869507764460440636e+09
-5.898844723356256485e+09
-5.926995844268252373e+09
-5.953977947572275162e+09
-5.979806857824041367e+09
-6.004497456746945381e+09
-6.028063731728479385e+09
-6.050518820231754303e+09
-6.071875050482813835e+09
-6.092143978754223824e+09
-6.111336423530096054e+09
-6.129462496806596756e+09
-6.146531632754372597e+09
-6.162552613944999695e+09
-6.177533595321776390e+09
-6.191482126075846672e+09
-6.204405169571279526e+09
-6.216309121447193146e+09
-6.227199826010963440e+09
-6.237082591023869514e+09
-6.245962200969015121e+09
-6.253842928880850792e+09
-6.260728546805952072e+09
-6.266622334955854416e+09
-6.271527089604475975e+09
-6.275445129774991989e+09
-6.278378302753759384e+09
-6.280327988462093353e+09
-6.281295102710118294e+09
-6.281280099350651741e+09
-6.280282971344969749e+09
-6.278303250746278763e+09
-6.275340007600833893e+09
-6.271391847760639191e+09
-6.266456909595742226e+09
-6.260532859587950706e+09
-6.253616886781550407e+09
-6.245705696060046196e+09
-6.236795500211071014e+09
-6.226882010734415054e+09
-6.215960427340357780e+09
-6.204025426077281952e+09
-6.191071146018605232e+09
-6.177091174429391861e+09
-6.162078530322498322e+09
-6.146025646302504539e+09
-6.128924348582986832e+09
-6.110765835048607826e+09
-6.091540651217872620e+09
-6.071238663945031166e+09
-6.049849032680144310e+09
-6.027360178084544182e+09
-6.003759747774426460e+09
-5.979034578937656403e+09
-5.953170657537592888e+09
-5.926153073782316208e+09
-5.897965973497240067e+09
-5.868592504993130684e+09
-5.838014760968875885e+09
-5.806213714928004265e+09
-5.773169151518450737e+09
-5.738859590124950409e+09
-5.703262200950663567e+09
-5.666352712716949463e+09
-5.628105310984816551e+09
-5.588492525954999924e+09
-5.547485108431832314e+09
-5.505051892433858871e+09
-5.461159642695399284e+09
-5.415772885020095825e+09
-5.368853717110523224e+09
-5.320361597094949722e+09
-5.270253106488585472e+09
-5.218481683742992401e+09
-5.164997323829727173e+09
-5.109746238442182541e+09
-5.052670470343227386e+09
-4.993707454084741592e+09
-4.932789513711609840e+09
-4.869843286049722672e+09
-4.804789055648804665e+09
-4.737539984251336098e+09
-4.668001213579148293e+09
-4.596068814984312057e+09
-4.521628552708064079e+09
-4.444554418584274292e+09
-4.364706884241803169e+09
-4.281930801103310585e+09
-4.196052857153413296e+09
-4.106878470214580059e+09
-4.014187956822327137e+09
-3.917731758400695801e+09
-3.817224424023828506e+09
-3.712336928465048313e+09
-3.602686724102613926e+09
-3.487824649850358963e+09
-3.367217388093760967e+09
-3.240223462009495735e+09
-3.106059597517611980e+09
-2.963752242918490410e+09
-2.812065341697473049e+09
-2.649388346212477684e+09
-2.473553865719425201e+09
-2.281521825160384655e+09
-2.068786587652161121e+09
-1.828134854520970583e+09
-1.546589519516406536e+09
-1.195602037443982601e+09
-6.742791087532172203e+08
