-6.266281152640640259e+09
-6.187741336300895691e+09
-6.109201519961151123e+09
-6.030661703621405602e+09
-5.952121887281661034e+09
-5.873582070941915512e+09
-5.795042254602170944e+09
-5.716502438262426376e+09
-5.637962621922681808e+09
-5.559422805582937241e+09
-5.480882989243191719e+09
-5.402343172903447151e+09
-5.323803356563701630e+09
-5.245263540223957062e+09
-5.166723723884212494e+09
-5.088183907544467926e+09
-5.009644091204723358e+09
-4.931104274864978790e+09
-4.852564458525233269e+09
-4.774024642185488701e+09
-4.695484825845743179e+09
-4.616945009505998611e+09
-4.538405193166254044e+09
-4.459865376826509476e+09
-4.381325560486764908e+09
-4.302785744147019386e+09
-4.224245927807274818e+09
-4.145706111467530251e+09
-4.067166295127785206e+09
-3.988626478788040161e+09
-3.910086662448295593e+09
-3.831546846108550549e+09
-3.753007029768805981e+09
-3.674467213429060936e+09
-3.595927397089316368e+09
-3.517387580749571323e+09
-3.438847764409826756e+09
-3.360307948070081711e+09
-3.281768131730337143e+09
-3.203228315390592098e+09
-3.124688499050847530e+09
-3.046148682711102486e+09
-2.967608866371357441e+09
-2.889069050031612873e+09
-2.810529233691867828e+09
-2.731989417352123260e+09
-2.653449601012378216e+09
-2.574909784672633648e+09
-2.496369968332888603e+09
-2.417830151993144035e+09
-2.339290335653398991e+09
-2.260750519313654423e+09
-2.182210702973909378e+09
-2.103670886634164572e+09
-2.025131070294419765e+09
-1.946591253954674959e+09
-1.868051437614930153e+09
-1.789511621275185347e+09
-1.710971804935440540e+09
-1.632431988595695734e+09
-1.553892172255950928e+09
-1.475352355916206121e+09
-1.396812539576461315e+09
-1.318272723236716509e+09
-1.239732906896971703e+09
-1.161193090557226658e+09
-1.082653274217481852e+09
-1.004113457877737045e+09
-9.255736415379922390e+08
-8.470338251982474327e+08
-7.684940088585028648e+08
-6.899541925187578201e+08
-6.114143761790132523e+08
-5.328745598392682076e+08
-4.543347434995231628e+08
-3.757949271597785950e+08
-2.972551108200335503e+08
-2.187152944802889824e+08
-1.401754781405439377e+08
-6.163566180079936981e+07
1.690415453894567490e+07
9.544397087869024277e+07
1.739837872184352875e+08
2.525236035581798553e+08
3.310634198979249001e+08
4.096032362376694679e+08
4.881430525774145126e+08
5.666828689171590805e+08
6.452226852569041252e+08
7.237625015966491699e+08
8.023023179363937378e+08
8.808421342761387825e+08
9.593819506158833504e+08
1.037921766955628395e+09
1.116461583295372963e+09
1.195001399635118008e+09
1.273541215974863052e+09
1.352081032314607620e+09
1.430620848654352188e+09
1.509160664994096756e+09
1.587700481333842278e+09
1.666240297673586845e+09
1.744780114013331413e+09
1.823319930353075981e+09
1.901859746692821503e+09
1.980399563032566071e+09
2.058939379372310638e+09
2.137479195712056160e+09
2.216019012051800728e+09
2.294558828391545296e+09
2.373098644731289864e+09
2.451638461071035385e+09
2.530178277410779953e+09
2.608718093750524521e+09
2.687257910090269089e+09
2.765797726430014610e+09
2.844337542769759178e+09
2.922877359109503746e+09
3.001417175449248314e+09
3.079956991788993835e+09
3.158496808128738403e+09
3.237036624468482971e+09
3.315576440808228493e+09
3.394116257147973061e+09
3.472656073487717628e+09
3.551195889827462196e+09
3.629735706167207718e+09
3.708275522506952286e+09
3.786815338846696854e+09
3.865355155186441422e+09
3.943894971526186943e+09
4.022434787865931511e+09
4.100974604205676079e+09
4.179514420545420647e+09
4.258054236885166168e+09
4.336594053224910736e+09
4.415133869564655304e+09
4.493673685904400826e+09
4.572213502244145393e+09
4.650753318583889961e+09
4.729293134923634529e+09
4.807832951263380051e+09
4.886372767603124619e+09
4.964912583942869186e+09
5.043452400282613754e+09
5.121992216622359276e+09
5.200532032962103844e+09
5.279071849301848412e+09
5.357611665641592979e+09
5.436151481981338501e+09
5.514691298321083069e+09
5.593231114660828590e+09
5.671770931000573158e+09
5.750310747340317726e+09
5.828850563680062294e+09
5.907390380019806862e+09
5.985930196359551430e+09
6.064470012699295998e+09
6.143009829039042473e+09
6.221549645378787041e+09
