-4.357040376650988460e+08
-1.080728757556761026e+09
-1.460744426955427647e+09
-1.757053473532078505e+09
-2.007078107926937342e+09
-2.226466067176110268e+09
-2.423551682913398266e+09
-2.603404956151983738e+09
-2.769385304752608299e+09
-2.923856282572951794e+09
-3.068556525567288876e+09
-3.204809781338120937e+09
-3.333651948392039299e+09
-3.455912019420375347e+09
-3.572265871044460297e+09
-3.683273274599983692e+09
-3.789404118306013584e+09
-3.891057455600637913e+09
-3.988575644040700436e+09
-4.082255039580782413e+09
-4.172354220656408787e+09
-4.259100406373936653e+09
-4.342694531626482964e+09
-4.423315307884021759e+09
-4.501122507264417648e+09
-4.576259644332056046e+09
-4.648856185534312248e+09
-4.719029384282084465e+09
-4.786885816494216919e+09
-4.852522674350723267e+09
-4.916028863271749496e+09
-4.977485937544434547e+09
-5.036968902711521149e+09
-5.094546907214797020e+09
-5.150283841424609184e+09
-5.204238858773264885e+09
-5.256466831017819405e+09
-5.307018747518611908e+09
-5.355942066708353043e+09
-5.403281026548307419e+09
-5.449076919651285172e+09
-5.493368337841036797e+09
-5.536191390171684265e+09
-5.577579897816472054e+09
-5.617565568726401329e+09
-5.656178154536239624e+09
-5.693445591841923714e+09
-5.729394129676724434e+09
-5.764048444763682365e+09
-5.797431745910407066e+09
-5.829565868732900620e+09
-5.860471361742160797e+09
-5.890167564696533203e+09
-5.918672680010680199e+09
-5.946003837915441513e+09
-5.972177155979563713e+09
-5.997207793532067299e+09
-6.021110001461360931e+09
-6.043897167812581062e+09
-6.065581859556961060e+09
-6.086175860865232468e+09
-6.105690208180356026e+09
-6.124135222352535248e+09
-6.141520538070928574e+09
-6.157855130801127434e+09
-6.173147341415004730e+09
-6.187404898679505348e+09
-6.200634939753007889e+09
-6.212844028821830750e+09
-6.224038173994998932e+09
-6.234222842562300682e+09
-6.243402974708806038e+09
-6.251582995768240929e+09
-6.258766827087672234e+09
-6.264957895566912651e+09
-6.270159141927576065e+09
-6.274373027758896828e+09
-6.277601541380065918e+09
-6.279846202551862717e+09
-6.281108066063770294e+09
-6.281387724216385841e+09
-6.280685308212780952e+09
-6.279000488466464996e+09
-6.276332473827607155e+09
-6.272680009723313332e+09
-6.268041375201715469e+09
-6.262414378863584518e+09
-6.255796353658964157e+09
-6.248184150519801140e+09
-6.239574130792865753e+09
-6.229962157430081367e+09
-6.219343584885854721e+09
-6.207713247662898064e+09
-6.195065447439332008e+09
-6.181393938700442314e+09
-6.166691912788175583e+09
-6.150951980270228386e+09
-6.134166151518235207e+09
-6.116325815370898247e+09
-6.097421715742774010e+09
-6.077443926022622108e+09
-6.056381821086382866e+09
-6.034224046728841782e+09
-6.010958486294363976e+09
-5.986572224260431290e+09
-5.961051506497607231e+09
-5.934381696895384789e+09
-5.906547230004609108e+09
-5.877531559302930832e+09
-5.847317100639181137e+09
-5.815885170354681015e+09
-5.783215917512869835e+09
-5.749288249591908455e+09
-5.714079750906143188e+09
-5.677566592919386864e+09
-5.639723435493227959e+09
-5.600523317973729134e+09
-5.559937538856172562e+09
-5.517935522575017929e+09
-5.474484671739164352e+09
-5.429550202863727570e+09
-5.383094963329800606e+09
-5.335079226921978951e+09
-5.285460464835661888e+09
-5.234193088494715691e+09
-5.181228159852595329e+09
-5.126513064037955284e+09
-5.069991138212449074e+09
-5.011601249286734581e+09
-4.951277311628847122e+09
-4.888947734016741753e+09
-4.824534782727028847e+09
-4.757953844672842026e+09
-4.689112570714191437e+09
-4.617909874404356956e+09
-4.544234755149795532e+09
-4.467964906554214478e+09
-4.388965059895935059e+09
-4.307084998264290810e+09
-4.222157157432431698e+09
-4.133993702987603664e+09
-4.042382936477324486e+09
-3.947084831670527458e+09
-3.847825428236411095e+09
-3.744289702795514107e+09
-3.636112377971415997e+09
-3.522865888238157749e+09
-3.404044344935262203e+09
-3.279041739984121323e+09
-3.147121630526706696e+09
-3.007373833862146378e+09
-2.858650589065925121e+09
-2.699468836388720036e+09
-2.527853595720965385e+09
-2.341072104541762829e+09
-2.135147861490257263e+09
-1.903879506872185946e+09
-1.636557654788849592e+09
-1.311315268235175133e+09
-8.651228250740270615e+08
