-7.383182176212793589e+08
-1.232390921709386349e+09
-1.574840935412396669e+09
-1.851789284526757240e+09
-2.089446369549665451e+09
-2.300024283058568001e+09
-2.490401627969375134e+09
-2.664911223479046345e+09
-2.826493655389181137e+09
-2.977254428728698254e+09
-3.118763292927605629e+09
-3.252228161697648525e+09
-3.378602454960412979e+09
-3.498654609430379868e+09
-3.613014890366628647e+09
-3.722207962276175499e+09
-3.826676185066092014e+09
-3.926796675506696224e+09
-4.022894061578994274e+09
-4.115250189855200768e+09
-4.204111631964313030e+09
-4.289695571649654388e+09
-4.372194480503160477e+09
-4.451779874134904861e+09
-4.528605360887776375e+09
-4.602809139652553558e+09
-4.674516063933814049e+09
-4.743839360937521935e+09
-4.810882073724484444e+09
-4.875738279141500473e+09
-4.938494122765205383e+09
-4.999228703408743858e+09
-5.058014833102399826e+09
-5.114919693336403847e+09
-5.170005404366215706e+09
-5.223329521250772476e+09
-5.274945467818829536e+09
-5.324902917786730766e+09
-5.373248130669520378e+09
-5.420024248850921631e+09
-5.465271561141233444e+09
-5.509027737305822372e+09
-5.551328037351902962e+09
-5.592205498787788391e+09
-5.631691104593191147e+09
-5.669813934242851257e+09
-5.706601299794245720e+09
-5.742078868771394730e+09
-5.776270775341753960e+09
-5.809199721083972931e+09
-5.840887066475059509e+09
-5.871352914081028938e+09
-5.900616184311481476e+09
-5.928694684492364883e+09
-5.955605171919651031e+09
-5.981363411477588654e+09
-6.005984228336614609e+09
-6.029481556186414719e+09
-6.051868481407604218e+09
-6.073157283540090561e+09
-6.093359472366286278e+09
-6.112485821892309189e+09
-6.130546401479372025e+09
-6.147550604350279808e+09
-6.163507173671654701e+09
-6.178424226390986443e+09
-6.192309274988352776e+09
-6.205169247285456657e+09
-6.217010504439105034e+09
-6.227838857232404709e+09
-6.237659580764255524e+09
-6.246477427626313210e+09
-6.254296639646107674e+09
-6.261120958265444756e+09
-6.266953633614313126e+09
-6.271797432332386971e+09
-6.275654644182489395e+09
-6.278527087493211746e+09
-6.280416113461064339e+09
-6.281322609335985184e+09
-6.281247000507788658e+09
-6.280189251505037308e+09
-6.278148865911778450e+09
-6.275124885201723099e+09
-6.271115886483453751e+09
-6.266119979144272804e+09
-6.260134800374152184e+09
-6.253157509544970512e+09
-6.245184781413632393e+09
-6.236212798110793114e+09
-6.226237239869671822e+09
-6.215253274441645622e+09
-6.203255545137080193e+09
-6.190238157420835495e+09
-6.176194663982224464e+09
-6.161118048188555717e+09
-6.145000705819783211e+09
-6.127834424968999863e+09
-6.109610363979303360e+09
-6.090319027271898270e+09
-6.069950238902750015e+09
-6.048493113665554047e+09
-6.025936025536808014e+09
-6.002266573234122276e+09
-5.977471542631021500e+09
-5.951536865740000725e+09
-5.924447575939850807e+09
-5.896187759082599640e+09
-5.866740500069014549e+09
-5.836087824428553581e+09
-5.804210634378720284e+09
-5.771088638768727303e+09
-5.736700276231501579e+09
-5.701022630774439812e+09
-5.664031338930664062e+09
-5.625700487465867996e+09
-5.586002500487925529e+09
-5.544908014632852554e+09
-5.502385740796492577e+09
-5.458402310640004158e+09
-5.412922105811087608e+09
-5.365907067482176781e+09
-5.317316483399371147e+09
-5.267106749146515846e+09
-5.215231099738297462e+09
-5.161639306940085411e+09
-5.106277336839329720e+09
-5.049086961123529434e+09
-4.990005314201071739e+09
-4.928964386665913582e+09
-4.865890443565851212e+09
-4.800703353369034767e+09
-4.733315810276191711e+09
-4.663632428383593559e+09
-4.591548680873394012e+09
-4.516949650492904663e+09
-4.439708548524823189e+09
-4.359684947458869934e+09
-4.276722656527206898e+09
-4.190647147530493736e+09
-4.101262408558666706e+09
-4.008347061708360195e+09
-3.911649522241773129e+09
-3.810881892305398941e+09
-3.705712158795756340e+09
-3.595754080174400330e+09
-3.480553864090260983e+09
-3.359572292878229618e+09
-3.232160233623198509e+09
-3.097524262221990108e+09
-2.954677026138599396e+09
-2.802363127260139942e+09
-2.638943890984017372e+09
-2.462209092866629601e+09
-2.269049441666491985e+09
-2.054838221115610361e+09
-1.812125231789113998e+09
-1.527382922162800789e+09
-1.170325732709074497e+09
-6.277651191856219769e+08
