-6.208215310577258110e+09
-6.129675494237513542e+09
-6.051135677897768974e+09
-5.972595861558024406e+09
-5.894056045218278885e+09
-5.815516228878534317e+09
-5.736976412538789749e+09
-5.658436596199044228e+09
-5.579896779859299660e+09
-5.501356963519555092e+09
-5.422817147179810524e+09
-5.344277330840065002e+09
-5.265737514500320435e+09
-5.187197698160575867e+09
-5.108657881820831299e+09
-5.030118065481085777e+09
-4.951578249141341209e+09
-4.873038432801596642e+09
-4.794498616461852074e+09
-4.715958800122106552e+09
-4.637418983782361984e+09
-4.558879167442617416e+09
-4.480339351102871895e+09
-4.401799534763127327e+09
-4.323259718423382759e+09
-4.244719902083638191e+09
-4.166180085743893147e+09
-4.087640269404148102e+09
-4.009100453064403534e+09
-3.930560636724658966e+09
-3.852020820384913445e+09
-3.773481004045168877e+09
-3.694941187705424309e+09
-3.616401371365679264e+09
-3.537861555025934219e+09
-3.459321738686189651e+09
-3.380781922346445084e+09
-3.302242106006700039e+09
-3.223702289666954994e+09
-3.145162473327210426e+09
-3.066622656987465858e+09
-2.988082840647720814e+09
-2.909543024307975769e+09
-2.831003207968231201e+09
-2.752463391628486156e+09
-2.673923575288741589e+09
-2.595383758948996544e+09
-2.516843942609251976e+09
-2.438304126269506931e+09
-2.359764309929762363e+09
-2.281224493590017319e+09
-2.202684677250272751e+09
-2.124144860910527706e+09
-2.045605044570782900e+09
-1.967065228231038094e+09
-1.888525411891293287e+09
-1.809985595551548481e+09
-1.731445779211803675e+09
-1.652905962872058868e+09
-1.574366146532313824e+09
-1.495826330192569256e+09
-1.417286513852824211e+09
-1.338746697513079643e+09
-1.260206881173334599e+09
-1.181667064833590031e+09
-1.103127248493844986e+09
-1.024587432154100180e+09
-9.460476158143553734e+08
-8.675077994746105671e+08
-7.889679831348657608e+08
-7.104281667951209545e+08
-6.318883504553761482e+08
-5.533485341156313419e+08
-4.748087177758865356e+08
-3.962689014361417294e+08
-3.177290850963969231e+08
-2.391892687566521168e+08
-1.606494524169070721e+08
-8.210963607716226578e+07
-3.569819737417459488e+06
7.496999660232734680e+07
1.535098129420721531e+08
2.320496292818167210e+08
3.105894456215617657e+08
3.891292619613063335e+08
4.676690783010513783e+08
5.462088946407964230e+08
6.247487109805409908e+08
7.032885273202860355e+08
7.818283436600306034e+08
8.603681599997756481e+08
9.389079763395202160e+08
1.017447792679265261e+09
1.095987609019009829e+09
1.174527425358754873e+09
1.253067241698499441e+09
1.331607058038244486e+09
1.410146874377989054e+09
1.488686690717734098e+09
1.567226507057478666e+09
1.645766323397223711e+09
1.724306139736968756e+09
1.802845956076713324e+09
1.881385772416458368e+09
1.959925588756202936e+09
2.038465405095947981e+09
2.117005221435692549e+09
2.195545037775437355e+09
2.274084854115182877e+09
2.352624670454927444e+09
2.431164486794672012e+09
2.509704303134416580e+09
2.588244119474162102e+09
2.666783935813906670e+09
2.745323752153651237e+09
2.823863568493395805e+09
2.902403384833141327e+09
2.980943201172885895e+09
3.059483017512630463e+09
3.138022833852375984e+09
3.216562650192120552e+09
3.295102466531865120e+09
3.373642282871609688e+09
3.452182099211355209e+09
3.530721915551099777e+09
3.609261731890844345e+09
3.687801548230588913e+09
3.766341364570334435e+09
3.844881180910079002e+09
3.923420997249823570e+09
4.001960813589568138e+09
4.080500629929313660e+09
4.159040446269058228e+09
4.237580262608802795e+09
4.316120078948548317e+09
4.394659895288292885e+09
4.473199711628037453e+09
4.551739527967782021e+09
4.630279344307527542e+09
4.708819160647272110e+09
4.787358976987016678e+09
4.865898793326761246e+09
4.944438609666506767e+09
5.022978426006251335e+09
5.101518242345995903e+09
5.180058058685740471e+09
5.258597875025485992e+09
5.337137691365230560e+09
5.415677507704975128e+09
5.494217324044720650e+09
5.572757140384465218e+09
5.651296956724209785e+09
5.729836773063954353e+09
5.808376589403699875e+09
5.886916405743444443e+09
5.965456222083189011e+09
6.043996038422933578e+09
6.122535854762679100e+09
6.201075671102423668e+09
6.279615487442168236e+09
