-6.263321171864395142e+09
-6.184781355524650574e+09
-6.106241539184906006e+09
-6.027701722845161438e+09
-5.949161906505416870e+09
-5.870622090165670395e+09
-5.792082273825925827e+09
-5.713542457486181259e+09
-5.635002641146436691e+09
-5.556462824806692123e+09
-5.477923008466947556e+09
-5.399383192127202988e+09
-5.320843375787458420e+09
-5.242303559447711945e+09
-5.163763743107967377e+09
-5.085223926768222809e+09
-5.006684110428478241e+09
-4.928144294088733673e+09
-4.849604477748989105e+09
-4.771064661409244537e+09
-4.692524845069498062e+09
-4.613985028729753494e+09
-4.535445212390008926e+09
-4.456905396050264359e+09
-4.378365579710519791e+09
-4.299825763370775223e+09
-4.221285947031029224e+09
-4.142746130691284657e+09
-4.064206314351540089e+09
-3.985666498011795521e+09
-3.907126681672049999e+09
-3.828586865332305431e+09
-3.750047048992560863e+09
-3.671507232652816296e+09
-3.592967416313070774e+09
-3.514427599973326206e+09
-3.435887783633581638e+09
-3.357347967293836117e+09
-3.278808150954091549e+09
-3.200268334614346981e+09
-3.121728518274602413e+09
-3.043188701934856892e+09
-2.964648885595112324e+09
-2.886109069255367756e+09
-2.807569252915623188e+09
-2.729029436575877666e+09
-2.650489620236133099e+09
-2.571949803896388531e+09
-2.493409987556643963e+09
-2.414870171216898441e+09
-2.336330354877153873e+09
-2.257790538537409306e+09
-2.179250722197663784e+09
-2.100710905857919216e+09
-2.022171089518174648e+09
-1.943631273178430080e+09
-1.865091456838684559e+09
-1.786551640498939991e+09
-1.708011824159195423e+09
-1.629472007819450855e+09
-1.550932191479705334e+09
-1.472392375139960766e+09
-1.393852558800216198e+09
-1.315312742460471630e+09
-1.236772926120726109e+09
-1.158233109780981541e+09
-1.079693293441236973e+09
-1.001153477101491451e+09
-9.226136607617468834e+08
-8.440738444220023155e+08
-7.655340280822577477e+08
-6.869942117425122261e+08
-6.084543954027676582e+08
-5.299145790630230904e+08
-4.513747627232785225e+08
-3.728349463835334778e+08
-2.942951300437884331e+08
-2.157553137040438652e+08
-1.372154973642988205e+08
-5.867568102455425262e+07
1.986413531519079208e+07
9.840395165493535995e+07
1.769437679946804047e+08
2.554835843344254494e+08
3.340234006741700172e+08
4.125632170139150620e+08
4.911030333536596298e+08
5.696428496934046745e+08
6.481826660331492424e+08
7.267224823728942871e+08
8.052622987126388550e+08
8.838021150523838997e+08
9.623419313921284676e+08
1.040881747731873512e+09
1.119421564071618080e+09
1.197961380411363125e+09
1.276501196751107693e+09
1.355041013090852737e+09
1.433580829430597782e+09
1.512120645770342350e+09
1.590660462110087395e+09
1.669200278449831963e+09
1.747740094789576769e+09
1.826279911129321575e+09
1.904819727469066381e+09
1.983359543808811188e+09
2.061899360148556232e+09
2.140439176488301039e+09
2.218978992828045845e+09
2.297518809167790413e+09
2.376058625507535458e+09
2.454598441847280502e+09
2.533138258187025070e+09
2.611678074526769638e+09
2.690217890866514683e+09
2.768757707206259727e+09
2.847297523546004295e+09
2.925837339885748863e+09
3.004377156225493908e+09
3.082916972565238953e+09
3.161456788904983521e+09
3.239996605244728565e+09
3.318536421584473133e+09
3.397076237924218178e+09
3.475616054263962746e+09
3.554155870603707790e+09
3.632695686943452358e+09
3.711235503283197403e+09
3.789775319622941971e+09
3.868315135962687016e+09
3.946854952302432060e+09
4.025394768642176628e+09
4.103934584981921673e+09
4.182474401321666241e+09
4.261014217661411285e+09
4.339554034001155853e+09
4.418093850340900421e+09
4.496633666680645943e+09
4.575173483020390511e+09
4.653713299360135078e+09
4.732253115699879646e+09
4.810792932039625168e+09
4.889332748379369736e+09
4.967872564719114304e+09
5.046412381058858871e+09
5.124952197398604393e+09
5.203492013738348961e+09
5.282031830078093529e+09
5.360571646417839050e+09
5.439111462757583618e+09
5.517651279097328186e+09
5.596191095437072754e+09
5.674730911776817322e+09
5.753270728116562843e+09
5.831810544456307411e+09
5.910350360796052933e+09
5.988890177135797501e+09
6.067429993475542068e+09
6.145969809815286636e+09
6.224509626155031204e+09
