-7.254196474121264219e+08
-1.224804043728789330e+09
-1.568986685958766222e+09
-1.846877497398241758e+09
-2.085151494394292116e+09
-2.296175083318374634e+09
-2.486894904580444336e+09
-2.661679077969928741e+09
-2.823488579094340801e+09
-2.974441627087028503e+09
-3.116116368834565163e+09
-3.249726519230185986e+09
-3.376229653023591518e+09
-3.496397272139180660e+09
-3.610861959946331501e+09
-3.720150171357500553e+09
-3.824705674377265930e+09
-3.924906710773481846e+09
-4.021078819848525047e+09
-4.113504595487008572e+09
-4.202431228854281425e+09
-4.288076422348989964e+09
-4.370633085613522530e+09
-4.450273107205046654e+09
-4.527150415312482834e+09
-4.601403484972183228e+09
-4.673157409574703217e+09
-4.742525625899178505e+09
-4.809611361061979294e+09
-4.874508854346373558e+09
-4.937304395340086937e+09
-4.998077211076929092e+09
-5.056900228205730438e+09
-5.113840731061776161e+09
-5.168960932509003639e+09
-5.222318471276994705e+09
-5.273966847030427933e+09
-5.323955802428294182e+09
-5.372331659842155457e+09
-5.419137619121096611e+09
-5.464414021750474930e+09
-5.508198585901889801e+09
-5.550526616174234390e+09
-5.591431191250076294e+09
-5.630943332214287758e+09
-5.669092153884206772e+09
-5.705905001167916298e+09
-5.741407572187611580e+09
-5.775624029669182777e+09
-5.808577101899360657e+09
-5.840288174381953239e+09
-5.870777373179845810e+09
-5.900063640805397987e+09
-5.928164805415407181e+09
-5.955097643974997520e+09
-5.980877939975524902e+09
-6.005520536222803116e+09
-6.029039383152213097e+09
-6.051447583075114250e+09
-6.072757430715433121e+09
-6.092980450355311394e+09
-6.112127429873591423e+09
-6.130208451929912567e+09
-6.147232922519803047e+09
-6.163209597101855278e+09
-6.178146604476468086e+09
-6.192051468576342583e+09
-6.204931128311692238e+09
-6.216791955597599983e+09
-6.227639771677009583e+09
-6.237479861840209961e+09
-6.246316988630154610e+09
-6.254155403612533569e+09
-6.260998857779855728e+09
-6.266850610649985313e+09
-6.271713438111325264e+09
-6.275589639059177399e+09
-6.278481040860619545e+09
-6.280389003678374290e+09
-6.281314423677649498e+09
-6.281257735133637428e+09
-6.280218911451260567e+09
-6.278197465102750778e+09
-6.275192446482720375e+09
-6.271202441674451828e+09
-6.266225569115117073e+09
-6.260259475141519547e+09
-6.253301328391661644e+09
-6.245347813030855179e+09
-6.236395120764263153e+09
-6.226438941590446472e+09
-6.215474453242829323e+09
-6.203496309257641792e+09
-6.190498625598001480e+09
-6.176474965754087448e+09
-6.161418324228748322e+09
-6.145321108306325912e+09
-6.128175117989645004e+09
-6.109971523976046562e+09
-6.090700843527579308e+09
-6.070352914073085785e+09
-6.048916864360285759e+09
-6.026381082954146385e+09
-6.002733183853130341e+09
-5.977959968967183113e+09
-5.952047387169843674e+09
-5.924980489601229668e+09
-5.896743380858092308e+09
-5.867319165660827637e+09
-5.836689890534416199e+09
-5.804836479979524612e+09
-5.771738666540102959e+09
-5.737374914093189240e+09
-5.701722333593258858e+09
-5.664756590395136833e+09
-5.626451802153178215e+09
-5.586780426146977425e+09
-5.545713134710799217e+09
-5.503218677240384102e+09
-5.459263727010225296e+09
-5.413812710749271393e+09
-5.366827618583423615e+09
-5.318267791547159195e+09
-5.268089683379034996e+09
-5.216246592727376938e+09
-5.162688361179082870e+09
-5.107361031654860497e+09
-5.050206460648699760e+09
-4.991161876476035118e+09
-4.930159374066555023e+09
-4.867125334805290222e+09
-4.801979757371884346e+09
-4.734635482295738220e+09
-4.664997288822030067e+09
-4.592960837381333351e+09
-4.518411424075835228e+09
-4.441222504583396912e+09
-4.361253932955025673e+09
-4.278349844824751854e+09
-4.192336092944709301e+09
-4.103017113320450306e+09
-4.010172058988576412e+09
-3.913549980220456123e+09
-3.812863746211370468e+09
-3.707782280711898804e+09
-3.597920500740378380e+09
-3.482826066950988770e+09
-3.361961613421148777e+09
-3.234680411122559547e+09
-3.100192224456625462e+09
-2.957514038776699543e+09
-2.805396539714101791e+09
-2.642209907448135376e+09
-2.465757417000495434e+09
-2.272951622553253174e+09
-2.059204096718101501e+09
-1.817139768953501463e+09
-1.533406457004406691e+09
-1.178277038455667734e+09
-6.426516870121428967e+08
