-6.261300937411434174e+09
-6.182761121071688652e+09
-6.104221304731943130e+09
-6.025681488392198563e+09
-5.947141672052453995e+09
-5.868601855712709427e+09
-5.790062039372964859e+09
-5.711522223033220291e+09
-5.632982406693474770e+09
-5.554442590353729248e+09
-5.475902774013984680e+09
-5.397362957674240112e+09
-5.318823141334495544e+09
-5.240283324994750977e+09
-5.161743508655006409e+09
-5.083203692315260887e+09
-5.004663875975516319e+09
-4.926124059635770798e+09
-4.847584243296026230e+09
-4.769044426956281662e+09
-4.690504610616537094e+09
-4.611964794276792526e+09
-4.533424977937047958e+09
-4.454885161597302437e+09
-4.376345345257556915e+09
-4.297805528917812347e+09
-4.219265712578067780e+09
-4.140725896238323212e+09
-4.062186079898578644e+09
-3.983646263558833599e+09
-3.905106447219088554e+09
-3.826566630879343987e+09
-3.748026814539598942e+09
-3.669486998199853897e+09
-3.590947181860109329e+09
-3.512407365520364761e+09
-3.433867549180619717e+09
-3.355327732840874672e+09
-3.276787916501130104e+09
-3.198248100161385536e+09
-3.119708283821640491e+09
-3.041168467481895447e+09
-2.962628651142150879e+09
-2.884088834802406311e+09
-2.805549018462661266e+09
-2.727009202122916222e+09
-2.648469385783171654e+09
-2.569929569443426609e+09
-2.491389753103682041e+09
-2.412849936763936996e+09
-2.334310120424192429e+09
-2.255770304084447384e+09
-2.177230487744702816e+09
-2.098690671404957771e+09
-2.020150855065212965e+09
-1.941611038725468159e+09
-1.863071222385723352e+09
-1.784531406045978546e+09
-1.705991589706233740e+09
-1.627451773366488934e+09
-1.548911957026744127e+09
-1.470372140686999321e+09
-1.391832324347254276e+09
-1.313292508007509708e+09
-1.234752691667764664e+09
-1.156212875328020096e+09
-1.077673058988275051e+09
-9.991332426485302448e+08
-9.205934263087854385e+08
-8.420536099690406322e+08
-7.635137936292958260e+08
-6.849739772895510197e+08
-6.064341609498062134e+08
-5.278943446100614071e+08
-4.493545282703166008e+08
-3.708147119305717945e+08
-2.922748955908269882e+08
-2.137350792510821819e+08
-1.351952629113373756e+08
-5.665544657159233093e+07
2.188436976815247536e+07
1.004241861078972816e+08
1.789640024476420879e+08
2.575038187873868942e+08
3.360436351271314621e+08
4.145834514668765068e+08
4.931232678066210747e+08
5.716630841463661194e+08
6.502029004861111641e+08
7.287427168258557320e+08
8.072825331656007767e+08
8.858223495053453445e+08
9.643621658450903893e+08
1.042901982184834957e+09
1.121441798524580002e+09
1.199981614864324570e+09
1.278521431204069614e+09
1.357061247543814182e+09
1.435601063883559227e+09
1.514140880223303795e+09
1.592680696563048840e+09
1.671220512902793407e+09
1.749760329242538452e+09
1.828300145582283497e+09
1.906839961922028065e+09
1.985379778261773109e+09
2.063919594601517677e+09
2.142459410941262722e+09
2.220999227281007290e+09
2.299539043620752335e+09
2.378078859960497379e+09
2.456618676300241947e+09
2.535158492639986515e+09
2.613698308979731083e+09
2.692238125319476604e+09
2.770777941659221172e+09
2.849317757998965740e+09
2.927857574338710308e+09
3.006397390678455830e+09
3.084937207018200397e+09
3.163477023357944965e+09
3.242016839697690487e+09
3.320556656037435055e+09
3.399096472377179623e+09
3.477636288716924191e+09
3.556176105056669712e+09
3.634715921396414280e+09
3.713255737736158848e+09
3.791795554075903416e+09
3.870335370415648937e+09
3.948875186755393505e+09
4.027415003095138073e+09
4.105954819434882641e+09
4.184494635774628162e+09
4.263034452114372730e+09
4.341574268454116821e+09
4.420114084793863297e+09
4.498653901133607864e+09
4.577193717473352432e+09
4.655733533813097000e+09
4.734273350152841568e+09
4.812813166492586136e+09
4.891352982832330704e+09
4.969892799172075272e+09
5.048432615511821747e+09
5.126972431851566315e+09
5.205512248191310883e+09
5.284052064531055450e+09
5.362591880870800018e+09
5.441131697210544586e+09
5.519671513550289154e+09
5.598211329890035629e+09
5.676751146229780197e+09
5.755290962569524765e+09
5.833830778909269333e+09
5.912370595249013901e+09
5.990910411588758469e+09
6.069450227928503036e+09
6.147990044268247604e+09
6.226529860607994080e+09
