-6.213590005042779922e+09
-6.135050188703033447e+09
-6.056510372363288879e+09
-5.977970556023544312e+09
-5.899430739683799744e+09
-5.820890923344055176e+09
-5.742351107004310608e+09
-5.663811290664566040e+09
-5.585271474324821472e+09
-5.506731657985074997e+09
-5.428191841645330429e+09
-5.349652025305585861e+09
-5.271112208965841293e+09
-5.192572392626096725e+09
-5.114032576286352158e+09
-5.035492759946607590e+09
-4.956952943606863022e+09
-4.878413127267118454e+09
-4.799873310927371979e+09
-4.721333494587627411e+09
-4.642793678247882843e+09
-4.564253861908138275e+09
-4.485714045568393707e+09
-4.407174229228649139e+09
-4.328634412888904572e+09
-4.250094596549159527e+09
-4.171554780209414005e+09
-4.093014963869669437e+09
-4.014475147529924870e+09
-3.935935331190180302e+09
-3.857395514850434780e+09
-3.778855698510690212e+09
-3.700315882170945644e+09
-3.621776065831200123e+09
-3.543236249491455555e+09
-3.464696433151710987e+09
-3.386156616811966419e+09
-3.307616800472220898e+09
-3.229076984132476330e+09
-3.150537167792731762e+09
-3.071997351452987194e+09
-2.993457535113241673e+09
-2.914917718773497105e+09
-2.836377902433752537e+09
-2.757838086094007969e+09
-2.679298269754262447e+09
-2.600758453414517879e+09
-2.522218637074773312e+09
-2.443678820735027790e+09
-2.365139004395283222e+09
-2.286599188055538654e+09
-2.208059371715794086e+09
-2.129519555376048565e+09
-2.050979739036303997e+09
-1.972439922696559429e+09
-1.893900106356814861e+09
-1.815360290017069340e+09
-1.736820473677324772e+09
-1.658280657337580204e+09
-1.579740840997835636e+09
-1.501201024658090115e+09
-1.422661208318345547e+09
-1.344121391978600979e+09
-1.265581575638855457e+09
-1.187041759299110889e+09
-1.108501942959366322e+09
-1.029962126619621754e+09
-9.514223102798762321e+08
-8.728824939401316643e+08
-7.943426776003870964e+08
-7.158028612606425285e+08
-6.372630449208974838e+08
-5.587232285811524391e+08
-4.801834122414078712e+08
-4.016435959016628265e+08
-3.231037795619182587e+08
-2.445639632221732140e+08
-1.660241468824286461e+08
-8.748433054268360138e+07
-8.944514202938556671e+06
6.959530213680601120e+07
1.481351184765510559e+08
2.266749348162956238e+08
3.052147511560406685e+08
3.837545674957852364e+08
4.622943838355302811e+08
5.408342001752748489e+08
6.193740165150198936e+08
6.979138328547644615e+08
7.764536491945095062e+08
8.549934655342540741e+08
9.335332818739991188e+08
1.012073098213743687e+09
1.090612914553488731e+09
1.169152730893233776e+09
1.247692547232978344e+09
1.326232363572723389e+09
1.404772179912467957e+09
1.483311996252212763e+09
1.561851812591957569e+09
1.640391628931702375e+09
1.718931445271447182e+09
1.797471261611192226e+09
1.876011077950937033e+09
1.954550894290681839e+09
2.033090710630426645e+09
2.111630526970171452e+09
2.190170343309916496e+09
2.268710159649661064e+09
2.347249975989405632e+09
2.425789792329150677e+09
2.504329608668895721e+09
2.582869425008640289e+09
2.661409241348384857e+09
2.739949057688129902e+09
2.818488874027874947e+09
2.897028690367619514e+09
2.975568506707364559e+09
3.054108323047109127e+09
3.132648139386854172e+09
3.211187955726598740e+09
3.289727772066343784e+09
3.368267588406088352e+09
3.446807404745833397e+09
3.525347221085577965e+09
3.603887037425323009e+09
3.682426853765068054e+09
3.760966670104812622e+09
3.839506486444557667e+09
3.918046302784302235e+09
3.996586119124047279e+09
4.075125935463791847e+09
4.153665751803536892e+09
4.232205568143281460e+09
4.310745384483026505e+09
4.389285200822771072e+09
4.467825017162515640e+09
4.546364833502261162e+09
4.624904649842005730e+09
4.703444466181750298e+09
4.781984282521495819e+09
4.860524098861240387e+09
4.939063915200984955e+09
5.017603731540729523e+09
5.096143547880474091e+09
5.174683364220219612e+09
5.253223180559964180e+09
5.331762996899708748e+09
5.410302813239454269e+09
5.488842629579198837e+09
5.567382445918943405e+09
5.645922262258687973e+09
5.724462078598433495e+09
5.803001894938178062e+09
5.881541711277922630e+09
5.960081527617668152e+09
6.038621343957412720e+09
6.117161160297157288e+09
6.195700976636901855e+09
6.274240792976646423e+09
