-6.228176171561019897e+09
-6.123456416441360474e+09
-6.018736661321700096e+09
-5.914016906202040672e+09
-5.809297151082381248e+09
-5.704577395962720871e+09
-5.599857640843061447e+09
-5.495137885723402023e+09
-5.390418130603741646e+09
-5.285698375484082222e+09
-5.180978620364421844e+09
-5.076258865244762421e+09
-4.971539110125102997e+09
-4.866819355005442619e+09
-4.762099599885783195e+09
-4.657379844766123772e+09
-4.552660089646463394e+09
-4.447940334526803970e+09
-4.343220579407144547e+09
-4.238500824287484169e+09
-4.133781069167824745e+09
-4.029061314048165321e+09
-3.924341558928504944e+09
-3.819621803808845520e+09
-3.714902048689186096e+09
-3.610182293569525719e+09
-3.505462538449866295e+09
-3.400742783330206871e+09
-3.296023028210546494e+09
-3.191303273090887070e+09
-3.086583517971227169e+09
-2.981863762851567268e+09
-2.877144007731907845e+09
-2.772424252612247944e+09
-2.667704497492588043e+09
-2.562984742372928619e+09
-2.458264987253268719e+09
-2.353545232133608818e+09
-2.248825477013949394e+09
-2.144105721894289494e+09
-2.039385966774629593e+09
-1.934666211654969931e+09
-1.829946456535310268e+09
-1.725226701415650368e+09
-1.620506946295990705e+09
-1.515787191176331043e+09
-1.411067436056671143e+09
-1.306347680937011480e+09
-1.201627925817351818e+09
-1.096908170697691917e+09
-9.921884155780322552e+08
-8.874686604583724737e+08
-7.827489053387126923e+08
-6.780291502190530300e+08
-5.733093950993932486e+08
-4.685896399797334671e+08
-3.638698848600736856e+08
-2.591501297404139042e+08
-1.544303746207542419e+08
-4.971061950109457970e+07
5.500913561856532097e+07
1.597288907382249832e+08
2.644486458578848839e+08
3.691684009775445461e+08
4.738881560972042084e+08
5.786079112168641090e+08
6.833276663365237713e+08
7.880474214561836720e+08
8.927671765758430958e+08
9.974869316955029964e+08
1.102206686815162897e+09
1.206926441934822321e+09
1.311646197054482222e+09
1.416365952174142122e+09
1.521085707293802023e+09
1.625805462413461447e+09
1.730525217533121347e+09
1.835244972652781248e+09
1.939964727772440672e+09
2.044684482892100573e+09
2.149404238011760712e+09
2.254123993131420135e+09
2.358843748251079559e+09
2.463563503370739937e+09
2.568283258490399361e+09
2.673003013610058784e+09
2.777722768729719162e+09
2.882442523849378586e+09
2.987162278969038010e+09
3.091882034088697433e+09
3.196601789208357811e+09
3.301321544328017235e+09
3.406041299447676659e+09
3.510761054567337036e+09
3.615480809686996460e+09
3.720200564806655884e+09
3.824920319926316261e+09
3.929640075045975685e+09
4.034359830165636063e+09
4.139079585285295486e+09
4.243799340404954910e+09
4.348519095524615288e+09
4.453238850644274712e+09
4.557958605763934135e+09
4.662678360883594513e+09
4.767398116003253937e+09
4.872117871122913361e+09
4.976837626242573738e+09
5.081557381362233162e+09
5.186277136481892586e+09
5.290996891601552963e+09
5.395716646721212387e+09
5.500436401840871811e+09
5.605156156960532188e+09
5.709875912080191612e+09
5.814595667199851036e+09
5.919315422319511414e+09
6.024035177439170837e+09
6.128754932558830261e+09
6.233474687678490639e+09
