-6.220592685823217392e+09
-6.142052869483472824e+09
-6.063513053143728256e+09
-5.984973236803983688e+09
-5.906433420464238167e+09
-5.827893604124493599e+09
-5.749353787784748077e+09
-5.670813971445003510e+09
-5.592274155105258942e+09
-5.513734338765514374e+09
-5.435194522425769806e+09
-5.356654706086024284e+09
-5.278114889746279716e+09
-5.199575073406535149e+09
-5.121035257066789627e+09
-5.042495440727045059e+09
-4.963955624387300491e+09
-4.885415808047555923e+09
-4.806875991707810402e+09
-4.728336175368065834e+09
-4.649796359028321266e+09
-4.571256542688575745e+09
-4.492716726348831177e+09
-4.414176910009086609e+09
-4.335637093669342041e+09
-4.257097277329596996e+09
-4.178557460989851952e+09
-4.100017644650107384e+09
-4.021477828310362339e+09
-3.942938011970617771e+09
-3.864398195630872726e+09
-3.785858379291128159e+09
-3.707318562951383114e+09
-3.628778746611638546e+09
-3.550238930271893501e+09
-3.471699113932148933e+09
-3.393159297592403889e+09
-3.314619481252659321e+09
-3.236079664912914276e+09
-3.157539848573169231e+09
-3.079000032233424664e+09
-3.000460215893679619e+09
-2.921920399553935051e+09
-2.843380583214190006e+09
-2.764840766874445438e+09
-2.686300950534700394e+09
-2.607761134194955826e+09
-2.529221317855210781e+09
-2.450681501515466213e+09
-2.372141685175721169e+09
-2.293601868835976601e+09
-2.215062052496231556e+09
-2.136522236156486750e+09
-2.057982419816741943e+09
-1.979442603476997137e+09
-1.900902787137252331e+09
-1.822362970797507524e+09
-1.743823154457762718e+09
-1.665283338118017912e+09
-1.586743521778273106e+09
-1.508203705438528299e+09
-1.429663889098783493e+09
-1.351124072759038448e+09
-1.272584256419293642e+09
-1.194044440079548836e+09
-1.115504623739804029e+09
-1.036964807400059223e+09
-9.584249910603146553e+08
-8.798851747205696106e+08
-8.013453583808250427e+08
-7.228055420410799980e+08
-6.442657257013349533e+08
-5.657259093615903854e+08
-4.871860930218453407e+08
-4.086462766821007729e+08
-3.301064603423557281e+08
-2.515666440026111603e+08
-1.730268276628661156e+08
-9.448701132312154770e+07
-1.594719498337650299e+07
6.259262135636806488e+07
1.411324376961131096e+08
2.196722540358576775e+08
2.982120703756027222e+08
3.767518867153472900e+08
4.552917030550923347e+08
5.338315193948373795e+08
6.123713357345819473e+08
6.909111520743269920e+08
7.694509684140715599e+08
8.479907847538166046e+08
9.265306010935611725e+08
1.005070417433306217e+09
1.083610233773051262e+09
1.162150050112795830e+09
1.240689866452540398e+09
1.319229682792284966e+09
1.397769499132030487e+09
1.476309315471775055e+09
1.554849131811519623e+09
1.633388948151264191e+09
1.711928764491009712e+09
1.790468580830754280e+09
1.869008397170498848e+09
1.947548213510244370e+09
2.026088029849988937e+09
2.104627846189733505e+09
2.183167662529478073e+09
2.261707478869223595e+09
2.340247295208968163e+09
2.418787111548712730e+09
2.497326927888457298e+09
2.575866744228202820e+09
2.654406560567947388e+09
2.732946376907691956e+09
2.811486193247436523e+09
2.890026009587182045e+09
2.968565825926926613e+09
3.047105642266671181e+09
3.125645458606416702e+09
3.204185274946161270e+09
3.282725091285905838e+09
3.361264907625650406e+09
3.439804723965395927e+09
3.518344540305140495e+09
3.596884356644885063e+09
3.675424172984629631e+09
3.753963989324375153e+09
3.832503805664119720e+09
3.911043622003864288e+09
3.989583438343608856e+09
4.068123254683354378e+09
4.146663071023098946e+09
4.225202887362843513e+09
4.303742703702589035e+09
4.382282520042333603e+09
4.460822336382078171e+09
4.539362152721822739e+09
4.617901969061568260e+09
4.696441785401312828e+09
4.774981601741057396e+09
4.853521418080801964e+09
4.932061234420547485e+09
5.010601050760292053e+09
5.089140867100036621e+09
5.167680683439781189e+09
5.246220499779526711e+09
5.324760316119271278e+09
5.403300132459016800e+09
5.481839948798761368e+09
5.560379765138505936e+09
5.638919581478250504e+09
5.717459397817995071e+09
5.795999214157739639e+09
5.874539030497484207e+09
5.953078846837230682e+09
6.031618663176975250e+09
6.110158479516719818e+09
6.188698295856464386e+09
6.267238112196208954e+09
